H 100 149 0
E 0 1 1
E 0 0 1
E 0 24 1
E 0 53 1
E 0 57 1
E 0 65 1
E 0 55 1
E 1 2 1
E 1 1 1
E 2 0 1
E 2 1 1
E 2 14 1
E 2 46 1
E 2 9 1
E 2 20 1
E 3 0 1
E 3 9 1
E 3 1 1
E 3 2 1
E 4 0 1
E 5 0 1
E 5 9 1
E 5 20 1
E 5 24 1
E 5 5 1
E 5 36 1
E 5 1 1
E 5 53 1
E 5 55 1
E 6 1 1
E 7 1 1
E 7 0 1
E 7 20 1
E 7 34 1
E 7 9 1
E 7 67 1
E 7 14 1
E 8 1 1
E 10 0 1
E 11 9 1
E 11 1 1
E 11 36 1
E 11 55 1
E 12 1 1
E 13 5 1
E 13 9 1
E 13 36 1
E 13 1 1
E 13 2 1
E 14 14 1
E 15 9 1
E 16 9 1
E 17 0 1
E 17 1 1
E 18 9 1
E 18 0 1
E 19 1 1
E 21 9 1
E 21 26 1
E 21 0 1
E 21 14 1
E 21 36 1
E 22 0 1
E 22 36 1
E 23 9 1
E 23 1 1
E 25 20 1
E 27 9 1
E 28 0 1
E 29 1 1
E 29 0 1
E 30 20 1
E 30 0 1
E 30 1 1
E 31 2 1
E 31 0 1
E 31 1 1
E 32 0 1
E 33 1 1
E 35 0 1
E 37 34 1
E 38 0 1
E 39 1 1
E 40 36 1
E 40 0 1
E 41 36 1
E 42 36 1
E 43 1 1
E 43 47 1
E 44 1 1
E 44 0 1
E 45 36 1
E 45 20 1
E 45 30 1
E 48 0 1
E 49 1 1
E 50 0 1
E 51 1 1
E 51 0 1
E 52 0 1
E 54 9 1
E 56 1 1
E 58 9 1
E 58 0 1
E 59 0 1
E 59 53 1
E 59 1 1
E 60 30 1
E 61 24 1
E 62 9 1
E 63 24 1
E 63 9 1
E 64 0 1
E 66 46 1
E 68 33 1
E 69 9 1
E 70 9 1
E 71 5 1
E 72 0 1
E 73 0 1
E 74 0 1
E 75 1 1
E 76 1 1
E 77 67 1
E 77 1 1
E 78 0 1
E 79 1 1
E 80 30 1
E 81 1 1
E 82 0 1
E 83 0 1
E 84 1 1
E 85 0 1
E 86 55 1
E 87 2 1
E 87 0 1
E 88 83 1
E 88 0 1
E 89 31 1
E 90 19 1
E 91 9 1
E 92 0 1
E 93 0 1
E 94 1 1
E 95 36 1
E 96 0 1
E 97 36 1
E 98 0 1
E 99 0 1
