H 10 90 0
E 0 1 1
E 0 2 1
E 0 3 1
E 0 4 1
E 0 5 1
E 0 6 1
E 0 7 1
E 0 8 1
E 0 9 1
E 1 0 1
E 1 2 1
E 1 3 1
E 1 4 1
E 1 5 1
E 1 6 1
E 1 7 1
E 1 8 1
E 1 9 1
E 2 0 1
E 2 1 1
E 2 3 1
E 2 4 1
E 2 5 1
E 2 6 1
E 2 7 1
E 2 8 1
E 2 9 1
E 3 0 1
E 3 1 1
E 3 2 1
E 3 4 1
E 3 5 1
E 3 6 1
E 3 7 1
E 3 8 1
E 3 9 1
E 4 0 1
E 4 1 1
E 4 2 1
E 4 3 1
E 4 5 1
E 4 6 1
E 4 7 1
E 4 8 1
E 4 9 1
E 5 0 1
E 5 1 1
E 5 2 1
E 5 3 1
E 5 4 1
E 5 6 1
E 5 7 1
E 5 8 1
E 5 9 1
E 6 0 1
E 6 1 1
E 6 2 1
E 6 3 1
E 6 4 1
E 6 5 1
E 6 7 1
E 6 8 1
E 6 9 1
E 7 0 1
E 7 1 1
E 7 2 1
E 7 3 1
E 7 4 1
E 7 5 1
E 7 6 1
E 7 8 1
E 7 9 1
E 8 0 1
E 8 1 1
E 8 2 1
E 8 3 1
E 8 4 1
E 8 5 1
E 8 6 1
E 8 7 1
E 8 9 1
E 9 0 1
E 9 1 1
E 9 2 1
E 9 3 1
E 9 4 1
E 9 5 1
E 9 6 1
E 9 7 1
E 9 8 1
