H 100 2000 0
E 0 92 1
E 0 76 1
E 0 9 1
E 0 49 1
E 0 42 1
E 0 96 1
E 0 45 1
E 0 84 1
E 0 35 1
E 0 23 1
E 0 63 1
E 0 78 1
E 0 95 1
E 0 39 1
E 0 50 1
E 0 99 1
E 0 27 1
E 0 5 1
E 1 87 1
E 1 58 1
E 1 85 1
E 1 90 1
E 1 92 1
E 1 59 1
E 1 33 1
E 1 13 1
E 1 37 1
E 1 12 1
E 1 62 1
E 1 1 1
E 1 78 1
E 1 46 1
E 1 20 1
E 1 31 1
E 1 47 1
E 2 14 1
E 2 75 1
E 2 79 1
E 2 11 1
E 2 6 1
E 2 22 1
E 2 46 1
E 2 49 1
E 2 56 1
E 2 0 1
E 2 67 1
E 2 64 1
E 2 43 1
E 2 15 1
E 3 94 1
E 3 10 1
E 3 39 1
E 3 79 1
E 3 23 1
E 3 11 1
E 3 53 1
E 3 76 1
E 4 3 1
E 4 60 1
E 4 29 1
E 4 58 1
E 4 16 1
E 4 74 1
E 4 88 1
E 4 7 1
E 4 84 1
E 4 37 1
E 4 77 1
E 4 17 1
E 4 22 1
E 4 50 1
E 4 1 1
E 4 36 1
E 4 9 1
E 4 11 1
E 4 46 1
E 4 57 1
E 4 70 1
E 5 93 1
E 5 84 1
E 5 39 1
E 5 90 1
E 5 31 1
E 5 97 1
E 5 41 1
E 5 4 1
E 5 28 1
E 5 45 1
E 5 3 1
E 5 51 1
E 5 5 1
E 5 9 1
E 5 72 1
E 5 29 1
E 5 12 1
E 5 60 1
E 5 27 1
E 6 14 1
E 6 83 1
E 6 74 1
E 6 11 1
E 6 44 1
E 6 70 1
E 6 19 1
E 6 77 1
E 6 80 1
E 6 82 1
E 6 50 1
E 6 30 1
E 6 6 1
E 6 72 1
E 6 31 1
E 6 34 1
E 6 12 1
E 6 45 1
E 6 86 1
E 7 29 1
E 7 51 1
E 7 74 1
E 7 95 1
E 7 65 1
E 7 26 1
E 7 78 1
E 7 21 1
E 7 37 1
E 7 50 1
E 7 61 1
E 7 75 1
E 7 0 1
E 7 15 1
E 7 20 1
E 7 70 1
E 7 58 1
E 7 71 1
E 7 67 1
E 7 79 1
E 7 31 1
E 7 39 1
E 7 63 1
E 7 18 1
E 7 99 1
E 8 49 1
E 8 97 1
E 8 43 1
E 8 4 1
E 8 76 1
E 8 86 1
E 8 31 1
E 8 85 1
E 8 99 1
E 8 35 1
E 8 60 1
E 8 16 1
E 8 18 1
E 8 42 1
E 8 14 1
E 8 67 1
E 8 91 1
E 8 30 1
E 8 70 1
E 8 12 1
E 8 90 1
E 8 73 1
E 8 68 1
E 8 39 1
E 8 33 1
E 9 77 1
E 9 56 1
E 9 91 1
E 9 75 1
E 9 73 1
E 9 60 1
E 9 18 1
E 9 50 1
E 9 39 1
E 9 82 1
E 9 37 1
E 9 85 1
E 9 16 1
E 9 57 1
E 9 88 1
E 9 5 1
E 9 87 1
E 9 38 1
E 9 43 1
E 9 10 1
E 9 46 1
E 9 81 1
E 9 67 1
E 9 2 1
E 10 70 1
E 10 10 1
E 10 23 1
E 10 36 1
E 10 17 1
E 10 30 1
E 10 20 1
E 10 42 1
E 10 78 1
E 10 41 1
E 10 50 1
E 10 64 1
E 10 39 1
E 10 97 1
E 10 47 1
E 10 2 1
E 10 55 1
E 10 5 1
E 10 44 1
E 10 87 1
E 10 83 1
E 10 63 1
E 10 98 1
E 10 13 1
E 10 14 1
E 10 86 1
E 10 81 1
E 11 27 1
E 11 96 1
E 11 35 1
E 11 29 1
E 11 60 1
E 11 40 1
E 11 28 1
E 11 55 1
E 11 50 1
E 11 84 1
E 11 10 1
E 11 78 1
E 11 82 1
E 11 87 1
E 11 8 1
E 11 64 1
E 11 51 1
E 11 68 1
E 11 23 1
E 11 45 1
E 11 56 1
E 11 83 1
E 11 93 1
E 11 12 1
E 11 5 1
E 11 91 1
E 12 12 1
E 12 9 1
E 12 97 1
E 12 56 1
E 12 80 1
E 12 87 1
E 12 95 1
E 12 71 1
E 12 64 1
E 12 6 1
E 12 52 1
E 12 67 1
E 12 59 1
E 13 11 1
E 13 80 1
E 13 31 1
E 13 48 1
E 13 76 1
E 13 74 1
E 13 55 1
E 13 1 1
E 13 30 1
E 13 86 1
E 13 73 1
E 13 44 1
E 13 12 1
E 13 16 1
E 13 3 1
E 13 68 1
E 13 94 1
E 13 13 1
E 13 26 1
E 13 17 1
E 14 13 1
E 14 9 1
E 14 33 1
E 14 99 1
E 14 8 1
E 14 69 1
E 14 98 1
E 14 59 1
E 14 17 1
E 14 12 1
E 14 95 1
E 14 97 1
E 14 44 1
E 14 67 1
E 14 24 1
E 14 42 1
E 14 72 1
E 14 73 1
E 14 34 1
E 14 58 1
E 14 29 1
E 15 48 1
E 15 72 1
E 15 92 1
E 15 58 1
E 15 95 1
E 15 59 1
E 15 3 1
E 15 82 1
E 15 52 1
E 15 36 1
E 15 47 1
E 15 25 1
E 15 81 1
E 15 30 1
E 15 99 1
E 15 54 1
E 15 75 1
E 15 64 1
E 15 11 1
E 15 1 1
E 16 16 1
E 16 85 1
E 16 44 1
E 16 24 1
E 16 79 1
E 16 60 1
E 16 81 1
E 16 11 1
E 16 69 1
E 16 72 1
E 16 1 1
E 16 94 1
E 16 71 1
E 16 78 1
E 16 99 1
E 16 97 1
E 16 12 1
E 16 65 1
E 16 93 1
E 16 89 1
E 16 31 1
E 16 75 1
E 16 95 1
E 16 30 1
E 17 31 1
E 17 54 1
E 17 33 1
E 17 59 1
E 17 80 1
E 17 49 1
E 17 97 1
E 17 19 1
E 17 32 1
E 17 4 1
E 17 9 1
E 17 30 1
E 17 41 1
E 17 13 1
E 17 0 1
E 17 83 1
E 17 64 1
E 17 38 1
E 17 40 1
E 17 73 1
E 17 24 1
E 17 26 1
E 17 96 1
E 17 89 1
E 18 33 1
E 18 3 1
E 18 9 1
E 18 52 1
E 18 29 1
E 18 76 1
E 18 16 1
E 18 72 1
E 18 32 1
E 18 44 1
E 18 55 1
E 18 77 1
E 18 25 1
E 18 87 1
E 18 84 1
E 18 59 1
E 18 2 1
E 18 96 1
E 18 8 1
E 18 91 1
E 18 73 1
E 19 27 1
E 19 80 1
E 19 24 1
E 19 34 1
E 19 30 1
E 19 29 1
E 19 90 1
E 19 55 1
E 19 72 1
E 19 63 1
E 19 53 1
E 19 87 1
E 19 84 1
E 19 56 1
E 19 7 1
E 19 20 1
E 19 70 1
E 19 86 1
E 19 21 1
E 19 52 1
E 19 35 1
E 19 1 1
E 19 68 1
E 19 22 1
E 19 0 1
E 19 13 1
E 20 87 1
E 20 58 1
E 20 69 1
E 20 56 1
E 20 94 1
E 20 22 1
E 20 89 1
E 20 39 1
E 20 0 1
E 20 42 1
E 20 96 1
E 20 46 1
E 20 34 1
E 20 3 1
E 20 41 1
E 20 63 1
E 20 50 1
E 20 93 1
E 20 51 1
E 20 72 1
E 20 35 1
E 21 48 1
E 21 84 1
E 21 59 1
E 21 88 1
E 21 22 1
E 21 32 1
E 21 9 1
E 21 92 1
E 21 17 1
E 21 55 1
E 21 62 1
E 21 10 1
E 21 99 1
E 21 78 1
E 21 41 1
E 21 6 1
E 21 47 1
E 21 57 1
E 22 64 1
E 22 94 1
E 22 74 1
E 22 93 1
E 22 38 1
E 22 25 1
E 22 14 1
E 22 16 1
E 22 98 1
E 22 46 1
E 22 68 1
E 22 86 1
E 22 71 1
E 22 97 1
E 22 15 1
E 22 28 1
E 22 3 1
E 23 35 1
E 23 6 1
E 23 62 1
E 23 88 1
E 23 85 1
E 23 17 1
E 23 63 1
E 23 1 1
E 23 96 1
E 23 81 1
E 23 46 1
E 23 47 1
E 23 40 1
E 24 24 1
E 24 32 1
E 24 91 1
E 24 40 1
E 24 27 1
E 24 37 1
E 24 66 1
E 24 28 1
E 24 47 1
E 24 36 1
E 24 97 1
E 24 31 1
E 24 22 1
E 24 92 1
E 24 95 1
E 25 19 1
E 25 54 1
E 25 22 1
E 25 77 1
E 25 5 1
E 25 15 1
E 25 68 1
E 25 42 1
E 25 61 1
E 25 75 1
E 25 57 1
E 25 37 1
E 25 17 1
E 25 51 1
E 26 85 1
E 26 91 1
E 26 55 1
E 26 34 1
E 26 8 1
E 26 75 1
E 26 38 1
E 26 43 1
E 26 88 1
E 26 42 1
E 26 47 1
E 26 66 1
E 26 35 1
E 26 7 1
E 27 72 1
E 27 83 1
E 27 69 1
E 27 65 1
E 27 8 1
E 27 45 1
E 27 82 1
E 27 29 1
E 27 48 1
E 27 98 1
E 27 43 1
E 27 74 1
E 27 96 1
E 27 61 1
E 27 24 1
E 27 64 1
E 27 88 1
E 27 54 1
E 27 5 1
E 28 17 1
E 28 87 1
E 28 25 1
E 28 3 1
E 28 22 1
E 28 83 1
E 28 99 1
E 28 82 1
E 28 78 1
E 28 54 1
E 28 81 1
E 28 0 1
E 28 94 1
E 28 66 1
E 28 41 1
E 28 16 1
E 29 64 1
E 29 98 1
E 29 12 1
E 29 4 1
E 29 46 1
E 29 99 1
E 29 95 1
E 29 77 1
E 29 60 1
E 29 52 1
E 29 92 1
E 29 6 1
E 29 68 1
E 29 31 1
E 29 69 1
E 29 48 1
E 29 45 1
E 29 51 1
E 29 54 1
E 29 49 1
E 29 66 1
E 29 9 1
E 30 7 1
E 30 72 1
E 30 21 1
E 30 51 1
E 30 22 1
E 30 90 1
E 30 80 1
E 30 68 1
E 30 46 1
E 30 13 1
E 30 56 1
E 30 49 1
E 30 27 1
E 30 57 1
E 30 26 1
E 30 38 1
E 30 28 1
E 30 24 1
E 30 32 1
E 30 63 1
E 31 20 1
E 31 28 1
E 31 60 1
E 31 74 1
E 31 34 1
E 31 18 1
E 31 25 1
E 31 13 1
E 31 39 1
E 31 15 1
E 31 58 1
E 31 67 1
E 31 14 1
E 31 4 1
E 31 6 1
E 31 0 1
E 31 32 1
E 31 91 1
E 31 73 1
E 31 41 1
E 31 38 1
E 31 35 1
E 31 70 1
E 31 53 1
E 31 59 1
E 31 45 1
E 32 70 1
E 32 10 1
E 32 98 1
E 32 29 1
E 32 61 1
E 32 3 1
E 32 41 1
E 32 58 1
E 32 85 1
E 32 47 1
E 32 37 1
E 32 27 1
E 32 4 1
E 32 25 1
E 32 95 1
E 32 91 1
E 32 45 1
E 32 31 1
E 33 67 1
E 33 58 1
E 33 26 1
E 33 50 1
E 33 64 1
E 33 4 1
E 33 48 1
E 33 43 1
E 33 84 1
E 33 80 1
E 33 6 1
E 33 99 1
E 33 90 1
E 33 93 1
E 33 49 1
E 33 83 1
E 33 46 1
E 33 70 1
E 33 28 1
E 33 85 1
E 33 44 1
E 34 89 1
E 34 81 1
E 34 8 1
E 34 42 1
E 34 55 1
E 34 78 1
E 34 39 1
E 34 64 1
E 34 73 1
E 34 53 1
E 34 0 1
E 34 56 1
E 34 27 1
E 34 10 1
E 34 57 1
E 34 71 1
E 34 24 1
E 34 50 1
E 34 5 1
E 34 19 1
E 34 38 1
E 34 63 1
E 34 65 1
E 34 67 1
E 34 9 1
E 35 31 1
E 35 0 1
E 35 85 1
E 35 5 1
E 35 8 1
E 35 56 1
E 35 76 1
E 35 92 1
E 35 23 1
E 35 1 1
E 35 24 1
E 35 79 1
E 35 73 1
E 35 16 1
E 35 71 1
E 35 7 1
E 35 69 1
E 35 53 1
E 35 28 1
E 35 83 1
E 35 10 1
E 36 54 1
E 36 77 1
E 36 30 1
E 36 12 1
E 36 90 1
E 36 89 1
E 36 56 1
E 36 92 1
E 36 86 1
E 36 99 1
E 36 76 1
E 36 32 1
E 36 60 1
E 36 10 1
E 36 63 1
E 36 68 1
E 36 9 1
E 36 15 1
E 36 91 1
E 36 17 1
E 37 80 1
E 37 10 1
E 37 55 1
E 37 27 1
E 37 70 1
E 37 28 1
E 37 89 1
E 37 2 1
E 37 41 1
E 37 58 1
E 37 14 1
E 37 54 1
E 37 49 1
E 37 5 1
E 37 72 1
E 37 47 1
E 37 29 1
E 37 19 1
E 37 94 1
E 37 53 1
E 37 4 1
E 37 73 1
E 37 33 1
E 38 81 1
E 38 78 1
E 38 64 1
E 38 51 1
E 38 36 1
E 38 96 1
E 38 87 1
E 38 10 1
E 38 75 1
E 38 3 1
E 38 25 1
E 38 63 1
E 38 58 1
E 38 35 1
E 38 15 1
E 38 20 1
E 38 21 1
E 38 28 1
E 38 98 1
E 38 72 1
E 38 59 1
E 38 48 1
E 38 90 1
E 38 1 1
E 38 61 1
E 38 41 1
E 38 5 1
E 38 17 1
E 38 33 1
E 39 29 1
E 39 85 1
E 39 76 1
E 39 56 1
E 39 45 1
E 39 95 1
E 39 83 1
E 39 23 1
E 39 60 1
E 39 57 1
E 39 50 1
E 39 92 1
E 39 88 1
E 39 14 1
E 39 10 1
E 40 51 1
E 40 7 1
E 40 30 1
E 40 84 1
E 40 96 1
E 40 69 1
E 40 95 1
E 40 54 1
E 40 85 1
E 40 73 1
E 40 12 1
E 40 39 1
E 40 82 1
E 40 91 1
E 40 93 1
E 40 53 1
E 40 22 1
E 40 61 1
E 40 52 1
E 40 2 1
E 40 46 1
E 40 8 1
E 40 47 1
E 40 17 1
E 40 16 1
E 40 50 1
E 41 98 1
E 41 62 1
E 41 27 1
E 41 31 1
E 41 77 1
E 41 24 1
E 41 48 1
E 41 15 1
E 41 21 1
E 41 13 1
E 41 73 1
E 41 36 1
E 41 66 1
E 41 3 1
E 41 49 1
E 41 25 1
E 41 74 1
E 41 50 1
E 41 11 1
E 41 40 1
E 41 18 1
E 42 9 1
E 42 52 1
E 42 3 1
E 42 79 1
E 42 11 1
E 42 69 1
E 42 45 1
E 42 41 1
E 42 70 1
E 42 12 1
E 42 31 1
E 42 99 1
E 42 85 1
E 42 10 1
E 42 18 1
E 42 17 1
E 42 34 1
E 42 91 1
E 42 36 1
E 42 38 1
E 42 72 1
E 42 71 1
E 42 54 1
E 42 0 1
E 43 35 1
E 43 14 1
E 43 26 1
E 43 97 1
E 43 1 1
E 43 3 1
E 43 64 1
E 43 58 1
E 43 44 1
E 43 20 1
E 43 28 1
E 43 91 1
E 43 98 1
E 43 72 1
E 43 71 1
E 43 69 1
E 43 32 1
E 43 70 1
E 43 87 1
E 44 82 1
E 44 68 1
E 44 54 1
E 44 52 1
E 44 75 1
E 44 93 1
E 44 30 1
E 44 57 1
E 44 90 1
E 44 66 1
E 44 51 1
E 44 71 1
E 44 15 1
E 44 3 1
E 44 39 1
E 44 45 1
E 44 81 1
E 45 44 1
E 45 54 1
E 45 26 1
E 45 99 1
E 45 47 1
E 45 73 1
E 45 28 1
E 45 30 1
E 45 85 1
E 45 64 1
E 45 8 1
E 45 78 1
E 45 86 1
E 45 39 1
E 45 21 1
E 46 20 1
E 46 39 1
E 46 5 1
E 46 55 1
E 46 81 1
E 46 79 1
E 46 93 1
E 46 67 1
E 46 65 1
E 46 46 1
E 46 70 1
E 46 97 1
E 46 96 1
E 46 88 1
E 46 9 1
E 46 69 1
E 46 32 1
E 46 49 1
E 47 45 1
E 47 97 1
E 47 36 1
E 47 74 1
E 47 21 1
E 47 8 1
E 47 60 1
E 47 27 1
E 47 69 1
E 47 39 1
E 47 32 1
E 47 66 1
E 47 56 1
E 47 65 1
E 47 42 1
E 47 20 1
E 47 75 1
E 47 58 1
E 48 12 1
E 48 35 1
E 48 76 1
E 48 86 1
E 48 61 1
E 48 50 1
E 48 58 1
E 48 49 1
E 48 40 1
E 48 79 1
E 48 73 1
E 48 68 1
E 48 57 1
E 48 48 1
E 48 59 1
E 48 70 1
E 48 91 1
E 48 42 1
E 48 9 1
E 48 99 1
E 48 94 1
E 49 73 1
E 49 88 1
E 49 53 1
E 49 43 1
E 49 24 1
E 49 61 1
E 49 59 1
E 49 52 1
E 49 72 1
E 49 64 1
E 49 86 1
E 49 96 1
E 49 0 1
E 49 54 1
E 49 71 1
E 49 14 1
E 50 75 1
E 50 83 1
E 50 76 1
E 50 16 1
E 50 40 1
E 50 47 1
E 50 44 1
E 50 32 1
E 50 67 1
E 50 30 1
E 50 99 1
E 50 46 1
E 50 59 1
E 50 3 1
E 50 62 1
E 50 27 1
E 50 80 1
E 50 37 1
E 50 65 1
E 51 46 1
E 51 85 1
E 51 7 1
E 51 42 1
E 51 89 1
E 51 92 1
E 51 88 1
E 51 62 1
E 51 65 1
E 51 54 1
E 51 53 1
E 51 90 1
E 51 2 1
E 51 67 1
E 51 64 1
E 51 56 1
E 51 58 1
E 51 48 1
E 51 68 1
E 51 8 1
E 51 57 1
E 52 24 1
E 52 59 1
E 52 62 1
E 52 3 1
E 52 41 1
E 52 57 1
E 52 88 1
E 52 6 1
E 52 5 1
E 52 72 1
E 52 35 1
E 52 46 1
E 52 98 1
E 52 73 1
E 52 64 1
E 52 83 1
E 52 23 1
E 52 38 1
E 52 19 1
E 52 53 1
E 52 17 1
E 52 1 1
E 52 49 1
E 52 86 1
E 52 7 1
E 52 89 1
E 52 15 1
E 53 28 1
E 53 84 1
E 53 85 1
E 53 52 1
E 53 49 1
E 53 62 1
E 53 77 1
E 53 75 1
E 53 67 1
E 53 58 1
E 53 20 1
E 53 81 1
E 53 79 1
E 53 74 1
E 53 22 1
E 53 89 1
E 53 47 1
E 53 78 1
E 53 69 1
E 53 76 1
E 53 90 1
E 53 46 1
E 53 54 1
E 54 74 1
E 54 76 1
E 54 70 1
E 54 84 1
E 54 39 1
E 54 88 1
E 54 73 1
E 54 21 1
E 54 44 1
E 54 71 1
E 54 59 1
E 54 27 1
E 54 25 1
E 55 16 1
E 55 44 1
E 55 77 1
E 55 0 1
E 55 93 1
E 55 94 1
E 55 18 1
E 55 12 1
E 55 57 1
E 55 14 1
E 55 2 1
E 55 75 1
E 55 51 1
E 55 35 1
E 55 64 1
E 55 17 1
E 55 22 1
E 55 82 1
E 55 29 1
E 55 23 1
E 55 83 1
E 55 13 1
E 55 84 1
E 56 66 1
E 56 70 1
E 56 86 1
E 56 78 1
E 56 43 1
E 56 10 1
E 56 12 1
E 56 56 1
E 56 9 1
E 56 53 1
E 56 80 1
E 56 67 1
E 56 5 1
E 56 59 1
E 56 83 1
E 56 14 1
E 56 46 1
E 56 42 1
E 56 37 1
E 56 92 1
E 56 62 1
E 56 69 1
E 56 44 1
E 56 27 1
E 57 75 1
E 57 15 1
E 57 20 1
E 57 33 1
E 57 31 1
E 57 56 1
E 57 68 1
E 57 99 1
E 57 64 1
E 57 73 1
E 57 13 1
E 57 29 1
E 57 65 1
E 57 44 1
E 57 47 1
E 57 27 1
E 57 22 1
E 57 97 1
E 57 76 1
E 57 62 1
E 57 79 1
E 57 34 1
E 57 39 1
E 58 68 1
E 58 81 1
E 58 40 1
E 58 44 1
E 58 53 1
E 58 41 1
E 58 90 1
E 58 9 1
E 58 47 1
E 58 19 1
E 58 82 1
E 58 95 1
E 58 21 1
E 58 13 1
E 58 14 1
E 58 79 1
E 58 72 1
E 58 62 1
E 58 0 1
E 59 48 1
E 59 67 1
E 59 31 1
E 59 56 1
E 59 6 1
E 59 53 1
E 59 89 1
E 59 81 1
E 59 96 1
E 59 57 1
E 59 70 1
E 59 87 1
E 59 15 1
E 59 39 1
E 59 12 1
E 59 36 1
E 59 40 1
E 59 33 1
E 60 94 1
E 60 78 1
E 60 2 1
E 60 61 1
E 60 37 1
E 60 66 1
E 60 90 1
E 60 8 1
E 60 64 1
E 60 57 1
E 60 5 1
E 60 33 1
E 60 12 1
E 60 7 1
E 60 98 1
E 61 27 1
E 61 64 1
E 61 59 1
E 61 60 1
E 61 44 1
E 61 37 1
E 61 28 1
E 61 47 1
E 61 80 1
E 61 67 1
E 61 31 1
E 61 21 1
E 61 41 1
E 61 19 1
E 61 74 1
E 61 13 1
E 61 9 1
E 62 27 1
E 62 32 1
E 62 28 1
E 62 3 1
E 62 71 1
E 62 57 1
E 62 19 1
E 62 78 1
E 62 91 1
E 62 77 1
E 62 67 1
E 62 90 1
E 62 11 1
E 62 23 1
E 62 73 1
E 63 50 1
E 63 51 1
E 63 41 1
E 63 36 1
E 63 74 1
E 63 76 1
E 63 3 1
E 63 80 1
E 63 39 1
E 63 2 1
E 63 23 1
E 63 17 1
E 63 6 1
E 63 70 1
E 63 52 1
E 63 34 1
E 63 44 1
E 63 58 1
E 63 98 1
E 64 97 1
E 64 77 1
E 64 33 1
E 64 82 1
E 64 75 1
E 64 34 1
E 64 27 1
E 64 71 1
E 64 67 1
E 64 47 1
E 64 70 1
E 64 58 1
E 64 59 1
E 64 25 1
E 64 88 1
E 64 19 1
E 64 83 1
E 64 36 1
E 64 98 1
E 64 17 1
E 65 63 1
E 65 30 1
E 65 51 1
E 65 14 1
E 65 84 1
E 65 90 1
E 65 81 1
E 65 24 1
E 65 46 1
E 65 50 1
E 65 28 1
E 65 59 1
E 65 68 1
E 65 41 1
E 65 57 1
E 65 52 1
E 65 95 1
E 65 49 1
E 65 26 1
E 66 40 1
E 66 68 1
E 66 62 1
E 66 83 1
E 66 24 1
E 66 48 1
E 66 78 1
E 66 49 1
E 66 44 1
E 66 19 1
E 66 26 1
E 66 28 1
E 66 21 1
E 66 71 1
E 66 22 1
E 66 66 1
E 66 5 1
E 67 20 1
E 67 76 1
E 67 58 1
E 67 54 1
E 67 46 1
E 67 80 1
E 67 48 1
E 67 57 1
E 67 90 1
E 67 40 1
E 67 19 1
E 67 72 1
E 67 30 1
E 68 93 1
E 68 33 1
E 68 98 1
E 68 57 1
E 68 27 1
E 68 95 1
E 68 3 1
E 68 99 1
E 68 97 1
E 68 16 1
E 68 15 1
E 68 30 1
E 68 2 1
E 68 48 1
E 68 60 1
E 68 83 1
E 68 70 1
E 68 36 1
E 68 35 1
E 68 68 1
E 68 45 1
E 69 11 1
E 69 16 1
E 69 1 1
E 69 90 1
E 69 4 1
E 69 63 1
E 69 59 1
E 69 20 1
E 69 32 1
E 69 64 1
E 69 43 1
E 69 60 1
E 69 37 1
E 69 48 1
E 69 67 1
E 69 7 1
E 69 54 1
E 69 82 1
E 69 42 1
E 69 23 1
E 69 87 1
E 70 21 1
E 70 29 1
E 70 12 1
E 70 38 1
E 70 18 1
E 70 0 1
E 70 67 1
E 70 9 1
E 70 16 1
E 70 1 1
E 70 52 1
E 70 91 1
E 70 13 1
E 70 81 1
E 70 35 1
E 70 20 1
E 70 60 1
E 70 41 1
E 70 48 1
E 70 11 1
E 70 3 1
E 70 65 1
E 70 58 1
E 70 31 1
E 71 25 1
E 71 84 1
E 71 1 1
E 71 52 1
E 71 31 1
E 71 76 1
E 71 97 1
E 71 46 1
E 71 41 1
E 71 71 1
E 71 47 1
E 71 98 1
E 71 3 1
E 71 48 1
E 71 15 1
E 71 13 1
E 71 24 1
E 71 59 1
E 71 75 1
E 71 67 1
E 71 95 1
E 72 84 1
E 72 27 1
E 72 5 1
E 72 78 1
E 72 79 1
E 72 87 1
E 72 97 1
E 72 38 1
E 72 14 1
E 72 7 1
E 72 31 1
E 72 60 1
E 72 3 1
E 72 44 1
E 72 62 1
E 72 21 1
E 73 24 1
E 73 60 1
E 73 86 1
E 73 36 1
E 73 49 1
E 73 30 1
E 73 53 1
E 73 17 1
E 73 47 1
E 73 33 1
E 73 89 1
E 73 1 1
E 73 68 1
E 73 28 1
E 73 16 1
E 74 72 1
E 74 77 1
E 74 55 1
E 74 84 1
E 74 48 1
E 74 57 1
E 74 70 1
E 74 45 1
E 74 73 1
E 74 92 1
E 74 74 1
E 74 88 1
E 74 12 1
E 74 13 1
E 75 54 1
E 75 28 1
E 75 34 1
E 75 97 1
E 75 84 1
E 75 2 1
E 75 41 1
E 75 13 1
E 75 7 1
E 75 23 1
E 75 74 1
E 75 30 1
E 75 92 1
E 75 88 1
E 75 14 1
E 75 8 1
E 75 81 1
E 76 5 1
E 76 15 1
E 76 79 1
E 76 65 1
E 76 67 1
E 76 10 1
E 76 64 1
E 76 90 1
E 76 48 1
E 76 83 1
E 76 4 1
E 76 98 1
E 76 76 1
E 76 17 1
E 76 81 1
E 76 49 1
E 76 68 1
E 77 3 1
E 77 33 1
E 77 54 1
E 77 28 1
E 77 77 1
E 77 18 1
E 77 84 1
E 77 19 1
E 77 23 1
E 77 91 1
E 77 65 1
E 77 13 1
E 77 47 1
E 77 98 1
E 77 88 1
E 78 72 1
E 78 28 1
E 78 36 1
E 78 0 1
E 78 68 1
E 78 53 1
E 78 15 1
E 78 40 1
E 78 94 1
E 78 61 1
E 78 81 1
E 78 76 1
E 78 25 1
E 78 50 1
E 78 75 1
E 78 87 1
E 78 19 1
E 78 77 1
E 79 46 1
E 79 10 1
E 79 72 1
E 79 95 1
E 79 88 1
E 79 8 1
E 79 32 1
E 79 78 1
E 79 6 1
E 79 58 1
E 79 41 1
E 79 16 1
E 79 87 1
E 79 67 1
E 79 37 1
E 80 73 1
E 80 30 1
E 80 87 1
E 80 27 1
E 80 56 1
E 80 77 1
E 80 91 1
E 80 63 1
E 80 40 1
E 80 65 1
E 80 13 1
E 80 38 1
E 80 86 1
E 80 29 1
E 80 23 1
E 80 54 1
E 80 34 1
E 80 53 1
E 80 58 1
E 80 95 1
E 80 9 1
E 81 14 1
E 81 21 1
E 81 54 1
E 81 33 1
E 81 79 1
E 81 35 1
E 81 62 1
E 81 90 1
E 81 24 1
E 81 47 1
E 81 59 1
E 81 76 1
E 81 74 1
E 81 53 1
E 81 49 1
E 81 7 1
E 81 51 1
E 81 70 1
E 81 3 1
E 81 85 1
E 81 1 1
E 81 34 1
E 81 19 1
E 81 38 1
E 81 40 1
E 81 68 1
E 81 50 1
E 82 58 1
E 82 12 1
E 82 38 1
E 82 54 1
E 82 91 1
E 82 5 1
E 82 8 1
E 82 45 1
E 82 3 1
E 82 18 1
E 82 81 1
E 82 22 1
E 82 42 1
E 82 21 1
E 82 98 1
E 82 7 1
E 82 10 1
E 82 78 1
E 82 86 1
E 82 51 1
E 82 13 1
E 82 6 1
E 83 47 1
E 83 67 1
E 83 41 1
E 83 88 1
E 83 5 1
E 83 56 1
E 83 19 1
E 83 52 1
E 83 12 1
E 83 83 1
E 83 9 1
E 83 24 1
E 83 35 1
E 83 26 1
E 83 99 1
E 83 25 1
E 83 73 1
E 83 87 1
E 83 97 1
E 83 96 1
E 83 38 1
E 83 11 1
E 83 21 1
E 83 53 1
E 84 60 1
E 84 55 1
E 84 13 1
E 84 24 1
E 84 74 1
E 84 51 1
E 84 83 1
E 84 50 1
E 84 87 1
E 84 3 1
E 84 66 1
E 84 54 1
E 84 37 1
E 84 79 1
E 84 61 1
E 84 69 1
E 84 62 1
E 84 48 1
E 84 19 1
E 84 85 1
E 84 38 1
E 84 94 1
E 85 91 1
E 85 13 1
E 85 94 1
E 85 25 1
E 85 67 1
E 85 86 1
E 85 14 1
E 85 48 1
E 85 95 1
E 85 39 1
E 85 45 1
E 85 54 1
E 85 10 1
E 85 12 1
E 85 15 1
E 85 27 1
E 85 71 1
E 85 6 1
E 85 83 1
E 86 94 1
E 86 83 1
E 86 68 1
E 86 39 1
E 86 73 1
E 86 96 1
E 86 92 1
E 86 50 1
E 86 95 1
E 86 33 1
E 86 82 1
E 86 10 1
E 86 75 1
E 86 76 1
E 86 49 1
E 86 56 1
E 86 60 1
E 86 14 1
E 86 90 1
E 86 41 1
E 86 21 1
E 86 12 1
E 86 6 1
E 87 82 1
E 87 68 1
E 87 81 1
E 87 31 1
E 87 92 1
E 87 29 1
E 87 36 1
E 87 23 1
E 87 30 1
E 87 13 1
E 87 72 1
E 87 67 1
E 87 51 1
E 87 98 1
E 87 64 1
E 87 96 1
E 87 26 1
E 87 74 1
E 87 48 1
E 87 62 1
E 87 56 1
E 88 71 1
E 88 25 1
E 88 19 1
E 88 80 1
E 88 60 1
E 88 23 1
E 88 76 1
E 88 38 1
E 88 34 1
E 88 46 1
E 88 63 1
E 88 56 1
E 88 62 1
E 88 26 1
E 88 33 1
E 88 92 1
E 88 81 1
E 88 8 1
E 88 18 1
E 88 82 1
E 88 44 1
E 88 47 1
E 88 16 1
E 88 3 1
E 88 1 1
E 89 69 1
E 89 54 1
E 89 93 1
E 89 49 1
E 89 66 1
E 89 2 1
E 89 98 1
E 89 35 1
E 89 58 1
E 89 51 1
E 89 62 1
E 89 30 1
E 89 38 1
E 89 14 1
E 89 84 1
E 89 94 1
E 89 17 1
E 89 81 1
E 89 34 1
E 89 8 1
E 89 53 1
E 89 77 1
E 89 86 1
E 89 28 1
E 89 21 1
E 89 68 1
E 89 57 1
E 89 45 1
E 89 96 1
E 89 43 1
E 89 55 1
E 90 8 1
E 90 80 1
E 90 54 1
E 90 29 1
E 90 56 1
E 90 28 1
E 90 17 1
E 90 62 1
E 90 98 1
E 90 26 1
E 90 14 1
E 90 27 1
E 90 38 1
E 90 78 1
E 90 37 1
E 90 12 1
E 91 83 1
E 91 40 1
E 91 39 1
E 91 62 1
E 91 25 1
E 91 37 1
E 91 66 1
E 91 18 1
E 91 56 1
E 91 90 1
E 91 92 1
E 91 42 1
E 91 74 1
E 91 50 1
E 91 54 1
E 91 73 1
E 91 94 1
E 91 35 1
E 92 14 1
E 92 33 1
E 92 73 1
E 92 64 1
E 92 52 1
E 92 98 1
E 92 27 1
E 92 6 1
E 92 41 1
E 92 84 1
E 92 77 1
E 92 40 1
E 92 79 1
E 92 35 1
E 92 2 1
E 92 24 1
E 92 60 1
E 92 53 1
E 92 82 1
E 92 69 1
E 92 71 1
E 92 80 1
E 93 62 1
E 93 6 1
E 93 43 1
E 93 40 1
E 93 12 1
E 93 77 1
E 93 84 1
E 93 54 1
E 93 7 1
E 93 82 1
E 93 73 1
E 93 45 1
E 93 59 1
E 93 18 1
E 93 11 1
E 93 58 1
E 93 49 1
E 93 30 1
E 93 15 1
E 93 69 1
E 93 39 1
E 94 13 1
E 94 69 1
E 94 94 1
E 94 61 1
E 94 12 1
E 94 47 1
E 94 81 1
E 94 5 1
E 94 67 1
E 94 96 1
E 94 92 1
E 94 43 1
E 94 22 1
E 94 15 1
E 94 62 1
E 94 17 1
E 94 49 1
E 94 31 1
E 94 78 1
E 94 75 1
E 94 65 1
E 94 79 1
E 95 71 1
E 95 74 1
E 95 70 1
E 95 22 1
E 95 60 1
E 95 69 1
E 95 91 1
E 95 72 1
E 95 17 1
E 95 63 1
E 95 53 1
E 95 43 1
E 95 93 1
E 95 67 1
E 95 55 1
E 95 2 1
E 95 56 1
E 95 86 1
E 95 37 1
E 95 96 1
E 95 44 1
E 95 98 1
E 95 35 1
E 95 10 1
E 96 34 1
E 96 93 1
E 96 9 1
E 96 30 1
E 96 31 1
E 96 53 1
E 96 3 1
E 96 59 1
E 96 62 1
E 96 22 1
E 96 63 1
E 96 28 1
E 96 54 1
E 96 65 1
E 96 95 1
E 96 82 1
E 96 36 1
E 96 68 1
E 96 2 1
E 96 42 1
E 96 90 1
E 96 5 1
E 96 17 1
E 97 20 1
E 97 43 1
E 97 73 1
E 97 30 1
E 97 26 1
E 97 86 1
E 97 70 1
E 97 6 1
E 97 69 1
E 97 62 1
E 97 39 1
E 97 97 1
E 97 90 1
E 97 9 1
E 97 31 1
E 97 14 1
E 97 40 1
E 97 0 1
E 97 34 1
E 97 28 1
E 97 92 1
E 97 83 1
E 97 84 1
E 98 82 1
E 98 16 1
E 98 35 1
E 98 9 1
E 98 13 1
E 98 99 1
E 98 74 1
E 98 53 1
E 98 70 1
E 98 62 1
E 98 69 1
E 98 79 1
E 98 36 1
E 98 73 1
E 98 92 1
E 98 18 1
E 98 11 1
E 98 17 1
E 98 2 1
E 98 31 1
E 98 86 1
E 98 63 1
E 98 3 1
E 98 26 1
E 99 7 1
E 99 67 1
E 99 54 1
E 99 95 1
E 99 72 1
E 99 44 1
E 99 43 1
E 99 48 1
E 99 87 1
E 99 58 1
E 99 82 1
E 99 78 1
E 99 36 1
E 99 10 1
E 99 69 1
E 99 34 1
E 99 39 1
E 99 25 1
E 99 98 1
