H 1000 999 0
E 0 512 1
E 0 853 1
E 0 311 1
E 1 958 1
E 2 747 1
E 3 457 1
E 3 889 1
E 5 704 1
E 6 98 1
E 6 488 1
E 7 618 1
E 8 541 1
E 9 841 1
E 9 574 1
E 11 427 1
E 15 727 1
E 19 522 1
E 20 712 1
E 21 346 1
E 24 228 1
E 25 12 1
E 25 422 1
E 25 150 1
E 27 56 1
E 27 678 1
E 27 85 1
E 28 950 1
E 29 497 1
E 30 43 1
E 32 41 1
E 32 304 1
E 32 631 1
E 36 558 1
E 39 893 1
E 39 271 1
E 40 608 1
E 40 915 1
E 42 904 1
E 44 157 1
E 45 888 1
E 45 260 1
E 46 206 1
E 47 25 1
E 48 383 1
E 51 100 1
E 51 781 1
E 51 992 1
E 51 266 1
E 52 866 1
E 55 676 1
E 57 299 1
E 58 780 1
E 58 794 1
E 59 245 1
E 59 775 1
E 60 624 1
E 60 745 1
E 62 690 1
E 62 778 1
E 63 425 1
E 65 400 1
E 65 613 1
E 65 219 1
E 67 274 1
E 69 234 1
E 69 803 1
E 70 547 1
E 70 190 1
E 70 846 1
E 71 202 1
E 71 885 1
E 71 441 1
E 72 7 1
E 72 633 1
E 73 262 1
E 74 839 1
E 74 786 1
E 75 102 1
E 77 714 1
E 77 114 1
E 79 450 1
E 80 177 1
E 80 539 1
E 81 213 1
E 82 520 1
E 82 553 1
E 83 816 1
E 85 658 1
E 86 674 1
E 87 80 1
E 89 35 1
E 93 381 1
E 94 104 1
E 94 52 1
E 95 30 1
E 95 728 1
E 95 838 1
E 96 662 1
E 99 144 1
E 99 96 1
E 100 661 1
E 100 563 1
E 102 576 1
E 103 223 1
E 104 23 1
E 104 139 1
E 105 923 1
E 106 862 1
E 108 485 1
E 109 871 1
E 109 906 1
E 110 718 1
E 111 699 1
E 111 39 1
E 112 384 1
E 114 10 1
E 114 348 1
E 114 19 1
E 114 9 1
E 117 431 1
E 118 867 1
E 118 28 1
E 118 956 1
E 122 413 1
E 123 462 1
E 124 868 1
E 127 171 1
E 127 970 1
E 128 557 1
E 130 903 1
E 130 567 1
E 130 637 1
E 131 128 1
E 133 789 1
E 134 405 1
E 135 552 1
E 135 844 1
E 136 467 1
E 137 865 1
E 138 887 1
E 141 377 1
E 141 82 1
E 142 18 1
E 142 355 1
E 143 459 1
E 146 354 1
E 150 203 1
E 151 565 1
E 151 249 1
E 152 899 1
E 154 141 1
E 156 112 1
E 156 501 1
E 156 710 1
E 158 498 1
E 158 767 1
E 159 121 1
E 159 566 1
E 161 445 1
E 161 793 1
E 161 291 1
E 162 918 1
E 163 113 1
E 163 386 1
E 163 273 1
E 165 504 1
E 165 268 1
E 166 238 1
E 166 930 1
E 167 277 1
E 168 60 1
E 169 562 1
E 169 741 1
E 170 739 1
E 173 753 1
E 175 264 1
E 178 924 1
E 180 990 1
E 181 933 1
E 182 480 1
E 182 267 1
E 183 934 1
E 186 51 1
E 187 432 1
E 190 800 1
E 194 659 1
E 194 702 1
E 194 772 1
E 194 590 1
E 196 198 1
E 196 701 1
E 196 973 1
E 197 675 1
E 199 987 1
E 201 686 1
E 203 64 1
E 203 495 1
E 203 825 1
E 204 227 1
E 205 600 1
E 208 351 1
E 209 827 1
E 211 63 1
E 214 247 1
E 215 619 1
E 215 366 1
E 215 440 1
E 216 67 1
E 216 586 1
E 216 999 1
E 217 322 1
E 218 492 1
E 218 550 1
E 218 523 1
E 219 642 1
E 219 723 1
E 220 125 1
E 222 303 1
E 223 49 1
E 224 289 1
E 224 370 1
E 224 435 1
E 224 499 1
E 225 88 1
E 225 602 1
E 225 919 1
E 227 481 1
E 228 17 1
E 228 233 1
E 230 612 1
E 230 317 1
E 233 207 1
E 233 892 1
E 234 57 1
E 234 628 1
E 235 616 1
E 236 154 1
E 238 50 1
E 238 220 1
E 240 808 1
E 240 983 1
E 240 292 1
E 242 738 1
E 242 929 1
E 243 526 1
E 244 829 1
E 244 641 1
E 245 314 1
E 246 536 1
E 248 653 1
E 249 409 1
E 250 16 1
E 250 275 1
E 250 847 1
E 250 47 1
E 252 142 1
E 252 583 1
E 253 123 1
E 253 860 1
E 254 700 1
E 254 830 1
E 255 473 1
E 255 698 1
E 255 570 1
E 257 407 1
E 257 500 1
E 260 194 1
E 265 460 1
E 266 388 1
E 267 824 1
E 267 952 1
E 268 890 1
E 269 364 1
E 269 470 1
E 270 153 1
E 270 137 1
E 270 880 1
E 271 146 1
E 271 575 1
E 271 749 1
E 271 831 1
E 271 518 1
E 271 953 1
E 273 251 1
E 273 443 1
E 273 254 1
E 274 320 1
E 276 282 1
E 278 159 1
E 278 240 1
E 279 224 1
E 281 14 1
E 281 244 1
E 283 849 1
E 283 652 1
E 284 91 1
E 284 120 1
E 284 226 1
E 285 243 1
E 285 187 1
E 285 336 1
E 285 791 1
E 288 874 1
E 290 86 1
E 291 851 1
E 292 465 1
E 292 730 1
E 293 215 1
E 296 212 1
E 300 184 1
E 300 454 1
E 302 971 1
E 303 774 1
E 305 489 1
E 305 360 1
E 306 859 1
E 307 660 1
E 307 921 1
E 308 582 1
E 309 720 1
E 311 293 1
E 312 358 1
E 314 534 1
E 315 42 1
E 316 519 1
E 317 688 1
E 319 601 1
E 321 779 1
E 321 733 1
E 321 805 1
E 321 638 1
E 322 333 1
E 323 313 1
E 323 535 1
E 323 468 1
E 324 609 1
E 327 343 1
E 329 476 1
E 331 515 1
E 332 295 1
E 334 418 1
E 335 216 1
E 336 408 1
E 338 632 1
E 338 942 1
E 338 417 1
E 339 549 1
E 340 936 1
E 341 3 1
E 343 634 1
E 343 278 1
E 344 132 1
E 344 398 1
E 346 614 1
E 347 696 1
E 348 119 1
E 348 451 1
E 351 734 1
E 352 148 1
E 353 444 1
E 357 845 1
E 358 471 1
E 359 285 1
E 360 965 1
E 362 664 1
E 362 105 1
E 363 241 1
E 366 916 1
E 367 145 1
E 370 193 1
E 370 376 1
E 371 525 1
E 372 201 1
E 373 237 1
E 373 315 1
E 378 848 1
E 378 854 1
E 379 239 1
E 382 502 1
E 382 605 1
E 387 176 1
E 388 280 1
E 388 168 1
E 388 962 1
E 388 335 1
E 389 140 1
E 389 103 1
E 389 589 1
E 390 402 1
E 391 110 1
E 392 236 1
E 393 713 1
E 394 401 1
E 394 118 1
E 398 430 1
E 398 29 1
E 399 2 1
E 399 771 1
E 403 928 1
E 405 342 1
E 405 832 1
E 408 375 1
E 408 319 1
E 408 197 1
E 409 521 1
E 409 506 1
E 410 318 1
E 410 744 1
E 412 692 1
E 412 334 1
E 413 809 1
E 414 817 1
E 415 308 1
E 416 657 1
E 416 170 1
E 416 895 1
E 417 424 1
E 418 682 1
E 420 666 1
E 421 937 1
E 422 902 1
E 424 466 1
E 424 65 1
E 425 477 1
E 429 84 1
E 429 83 1
E 429 855 1
E 430 196 1
E 430 852 1
E 432 38 1
E 432 116 1
E 432 396 1
E 432 143 1
E 433 581 1
E 433 665 1
E 433 757 1
E 433 649 1
E 435 797 1
E 436 516 1
E 437 722 1
E 438 368 1
E 438 138 1
E 440 900 1
E 440 804 1
E 441 663 1
E 441 372 1
E 444 610 1
E 445 300 1
E 446 954 1
E 446 725 1
E 446 279 1
E 448 382 1
E 448 161 1
E 450 281 1
E 452 891 1
E 452 979 1
E 452 691 1
E 453 715 1
E 453 912 1
E 456 561 1
E 459 89 1
E 459 706 1
E 460 486 1
E 462 529 1
E 464 229 1
E 464 455 1
E 465 756 1
E 466 74 1
E 467 124 1
E 468 833 1
E 469 352 1
E 469 842 1
E 470 160 1
E 471 940 1
E 472 186 1
E 473 167 1
E 473 708 1
E 475 530 1
E 475 820 1
E 476 452 1
E 477 555 1
E 478 420 1
E 478 941 1
E 479 404 1
E 481 879 1
E 484 651 1
E 484 654 1
E 484 812 1
E 486 560 1
E 486 250 1
E 486 882 1
E 488 785 1
E 488 389 1
E 492 742 1
E 496 533 1
E 497 542 1
E 497 640 1
E 497 740 1
E 497 446 1
E 498 770 1
E 499 225 1
E 500 331 1
E 500 517 1
E 505 380 1
E 506 393 1
E 511 337 1
E 512 474 1
E 514 787 1
E 516 994 1
E 517 53 1
E 517 270 1
E 518 843 1
E 519 482 1
E 519 493 1
E 519 307 1
E 520 795 1
E 521 379 1
E 521 656 1
E 523 620 1
E 523 484 1
E 526 72 1
E 527 290 1
E 529 611 1
E 530 991 1
E 532 1 1
E 533 796 1
E 535 578 1
E 540 579 1
E 541 406 1
E 541 669 1
E 543 510 1
E 543 792 1
E 543 683 1
E 545 554 1
E 546 175 1
E 546 27 1
E 549 164 1
E 549 439 1
E 549 705 1
E 549 863 1
E 550 75 1
E 551 363 1
E 551 959 1
E 551 429 1
E 552 505 1
E 552 588 1
E 552 643 1
E 553 667 1
E 553 914 1
E 555 777 1
E 555 338 1
E 556 856 1
E 558 34 1
E 558 78 1
E 558 152 1
E 559 752 1
E 561 415 1
E 561 995 1
E 562 571 1
E 563 721 1
E 564 894 1
E 565 179 1
E 565 596 1
E 566 419 1
E 566 760 1
E 567 615 1
E 567 858 1
E 567 302 1
E 569 764 1
E 570 287 1
E 570 993 1
E 572 543 1
E 573 798 1
E 574 61 1
E 574 361 1
E 574 437 1
E 576 636 1
E 577 606 1
E 578 597 1
E 580 328 1
E 580 537 1
E 582 630 1
E 583 811 1
E 584 650 1
E 589 644 1
E 589 783 1
E 590 584 1
E 590 957 1
E 591 195 1
E 592 252 1
E 593 59 1
E 593 621 1
E 594 182 1
E 596 378 1
E 597 374 1
E 597 673 1
E 598 367 1
E 598 782 1
E 598 788 1
E 602 21 1
E 602 235 1
E 603 90 1
E 604 37 1
E 606 403 1
E 608 592 1
E 609 802 1
E 609 572 1
E 610 397 1
E 610 390 1
E 610 111 1
E 613 513 1
E 616 54 1
E 617 819 1
E 618 149 1
E 619 288 1
E 620 955 1
E 621 580 1
E 621 670 1
E 623 73 1
E 623 494 1
E 625 985 1
E 626 309 1
E 627 453 1
E 630 178 1
E 633 189 1
E 634 813 1
E 634 648 1
E 635 925 1
E 636 469 1
E 637 546 1
E 638 967 1
E 640 487 1
E 641 496 1
E 642 385 1
E 643 188 1
E 644 907 1
E 646 623 1
E 648 679 1
E 649 876 1
E 649 94 1
E 650 231 1
E 650 263 1
E 652 133 1
E 652 996 1
E 654 4 1
E 654 491 1
E 655 284 1
E 656 449 1
E 656 359 1
E 658 350 1
E 658 438 1
E 660 687 1
E 661 689 1
E 663 261 1
E 665 68 1
E 665 604 1
E 667 724 1
E 669 681 1
E 669 826 1
E 670 329 1
E 671 217 1
E 671 151 1
E 673 818 1
E 674 99 1
E 674 173 1
E 675 131 1
E 675 24 1
E 677 46 1
E 677 569 1
E 678 577 1
E 679 861 1
E 679 321 1
E 679 527 1
E 680 964 1
E 680 975 1
E 682 920 1
E 682 316 1
E 683 8 1
E 683 475 1
E 684 344 1
E 685 639 1
E 685 209 1
E 685 821 1
E 686 214 1
E 686 754 1
E 687 603 1
E 687 134 1
E 688 984 1
E 689 55 1
E 691 69 1
E 691 218 1
E 692 26 1
E 693 977 1
E 695 948 1
E 695 684 1
E 696 395 1
E 696 11 1
E 698 117 1
E 698 917 1
E 699 259 1
E 701 294 1
E 703 208 1
E 703 960 1
E 704 286 1
E 704 671 1
E 706 599 1
E 707 897 1
E 710 392 1
E 712 980 1
E 712 968 1
E 713 758 1
E 713 412 1
E 713 735 1
E 714 115 1
E 718 76 1
E 718 256 1
E 718 806 1
E 720 556 1
E 721 200 1
E 722 564 1
E 723 156 1
E 724 622 1
E 725 45 1
E 730 205 1
E 730 79 1
E 733 66 1
E 733 828 1
E 734 875 1
E 735 332 1
E 735 677 1
E 735 199 1
E 736 464 1
E 736 703 1
E 736 834 1
E 737 127 1
E 738 428 1
E 739 461 1
E 740 645 1
E 741 414 1
E 745 694 1
E 746 272 1
E 746 672 1
E 746 353 1
E 747 44 1
E 747 595 1
E 748 763 1
E 749 87 1
E 752 884 1
E 752 765 1
E 753 776 1
E 753 815 1
E 754 22 1
E 754 183 1
E 754 759 1
E 758 31 1
E 759 13 1
E 759 165 1
E 759 963 1
E 760 872 1
E 761 162 1
E 762 356 1
E 764 365 1
E 765 62 1
E 765 551 1
E 766 693 1
E 767 635 1
E 768 442 1
E 768 988 1
E 769 835 1
E 769 265 1
E 769 253 1
E 771 731 1
E 771 305 1
E 773 93 1
E 773 591 1
E 773 972 1
E 777 101 1
E 778 548 1
E 780 479 1
E 780 503 1
E 781 129 1
E 783 901 1
E 784 545 1
E 784 283 1
E 786 297 1
E 786 870 1
E 787 447 1
E 788 881 1
E 788 926 1
E 789 341 1
E 791 210 1
E 791 946 1
E 794 298 1
E 796 784 1
E 797 508 1
E 797 109 1
E 798 362 1
E 801 340 1
E 802 751 1
E 802 748 1
E 803 248 1
E 803 755 1
E 804 593 1
E 805 746 1
E 806 163 1
E 811 387 1
E 812 922 1
E 814 840 1
E 815 909 1
E 815 981 1
E 817 695 1
E 819 347 1
E 819 931 1
E 819 559 1
E 820 136 1
E 821 421 1
E 823 180 1
E 824 310 1
E 825 107 1
E 825 947 1
E 825 230 1
E 826 155 1
E 826 531 1
E 826 655 1
E 826 626 1
E 827 716 1
E 828 92 1
E 830 932 1
E 830 938 1
E 834 627 1
E 835 544 1
E 836 857 1
E 836 204 1
E 838 974 1
E 840 312 1
E 841 301 1
E 849 185 1
E 849 433 1
E 850 436 1
E 851 528 1
E 852 211 1
E 853 448 1
E 853 978 1
E 854 232 1
E 854 36 1
E 855 976 1
E 856 726 1
E 860 169 1
E 860 478 1
E 861 490 1
E 863 296 1
E 863 949 1
E 866 886 1
E 867 147 1
E 868 969 1
E 868 939 1
E 869 732 1
E 870 625 1
E 871 799 1
E 873 790 1
E 873 878 1
E 873 399 1
E 875 81 1
E 876 719 1
E 877 20 1
E 879 943 1
E 880 32 1
E 881 48 1
E 881 423 1
E 881 911 1
E 881 768 1
E 882 192 1
E 882 697 1
E 882 717 1
E 882 807 1
E 882 761 1
E 884 668 1
E 884 685 1
E 885 743 1
E 885 242 1
E 885 944 1
E 887 221 1
E 887 472 1
E 890 97 1
E 891 108 1
E 892 814 1
E 893 540 1
E 893 391 1
E 895 709 1
E 895 905 1
E 896 463 1
E 897 330 1
E 898 951 1
E 899 371 1
E 899 246 1
E 899 864 1
E 900 70 1
E 901 877 1
E 902 357 1
E 902 181 1
E 903 647 1
E 904 896 1
E 905 345 1
E 905 573 1
E 906 191 1
E 906 434 1
E 906 989 1
E 907 986 1
E 911 810 1
E 911 869 1
E 912 773 1
E 913 33 1
E 913 736 1
E 913 873 1
E 914 5 1
E 914 327 1
E 918 456 1
E 919 369 1
E 919 617 1
E 920 373 1
E 920 40 1
E 921 607 1
E 921 394 1
E 921 737 1
E 922 982 1
E 924 410 1
E 924 766 1
E 925 707 1
E 926 997 1
E 927 629 1
E 927 257 1
E 928 850 1
E 928 998 1
E 929 883 1
E 934 483 1
E 935 325 1
E 936 349 1
E 939 255 1
E 940 511 1
E 940 836 1
E 941 514 1
E 941 130 1
E 942 966 1
E 944 174 1
E 944 509 1
E 945 711 1
E 946 935 1
E 947 276 1
E 947 158 1
E 947 532 1
E 948 729 1
E 948 750 1
E 951 524 1
E 951 587 1
E 951 323 1
E 952 927 1
E 953 801 1
E 954 306 1
E 955 135 1
E 955 908 1
E 957 646 1
E 957 822 1
E 958 837 1
E 959 258 1
E 961 106 1
E 961 339 1
E 962 961 1
E 962 680 1
E 964 122 1
E 965 326 1
E 965 426 1
E 965 6 1
E 967 77 1
E 968 598 1
E 969 538 1
E 969 568 1
E 971 71 1
E 972 324 1
E 974 769 1
E 976 458 1
E 976 507 1
E 976 913 1
E 980 126 1
E 980 762 1
E 980 823 1
E 982 95 1
E 983 58 1
E 985 594 1
E 987 585 1
E 990 945 1
E 991 222 1
E 992 15 1
E 993 898 1
E 994 411 1
E 995 269 1
E 995 910 1
E 996 172 1
E 997 416 1
E 999 166 1
