H 1000 1723 0
E 0 1 1
E 0 0 1
E 0 24 1
E 0 53 1
E 0 57 1
E 0 65 1
E 0 55 1
E 0 46 1
E 0 9 1
E 0 132 1
E 0 180 1
E 0 226 1
E 0 170 1
E 0 5 1
E 0 86 1
E 0 154 1
E 0 2 1
E 0 202 1
E 0 455 1
E 0 650 1
E 0 30 1
E 0 20 1
E 0 894 1
E 0 67 1
E 1 2 1
E 1 1 1
E 1 34 1
E 1 282 1
E 1 36 1
E 1 0 1
E 1 73 1
E 1 793 1
E 1 20 1
E 2 0 1
E 2 1 1
E 2 14 1
E 2 46 1
E 2 9 1
E 2 20 1
E 2 2 1
E 2 26 1
E 2 36 1
E 2 181 1
E 2 83 1
E 2 227 1
E 2 234 1
E 2 57 1
E 2 224 1
E 2 6 1
E 2 425 1
E 2 486 1
E 2 363 1
E 2 178 1
E 2 70 1
E 2 522 1
E 2 482 1
E 2 657 1
E 2 111 1
E 2 55 1
E 2 240 1
E 2 67 1
E 2 946 1
E 2 177 1
E 3 0 1
E 3 9 1
E 3 1 1
E 3 2 1
E 3 20 1
E 3 339 1
E 3 67 1
E 3 14 1
E 3 174 1
E 3 24 1
E 3 70 1
E 4 0 1
E 5 0 1
E 5 9 1
E 5 20 1
E 5 24 1
E 5 5 1
E 5 36 1
E 5 1 1
E 5 53 1
E 5 55 1
E 5 103 1
E 5 143 1
E 5 57 1
E 5 206 1
E 5 169 1
E 5 67 1
E 5 132 1
E 5 350 1
E 5 2 1
E 5 440 1
E 5 184 1
E 5 85 1
E 5 37 1
E 5 31 1
E 5 426 1
E 5 802 1
E 5 657 1
E 5 14 1
E 5 309 1
E 6 1 1
E 6 85 1
E 6 196 1
E 6 20 1
E 6 46 1
E 6 193 1
E 7 1 1
E 7 0 1
E 7 20 1
E 7 34 1
E 7 9 1
E 7 67 1
E 7 14 1
E 7 5 1
E 7 270 1
E 7 301 1
E 7 55 1
E 7 169 1
E 7 585 1
E 7 113 1
E 7 30 1
E 8 1 1
E 8 0 1
E 10 0 1
E 10 73 1
E 10 155 1
E 10 108 1
E 10 2 1
E 11 9 1
E 11 1 1
E 11 36 1
E 11 55 1
E 11 0 1
E 11 324 1
E 11 118 1
E 11 557 1
E 11 30 1
E 12 1 1
E 13 5 1
E 13 9 1
E 13 36 1
E 13 1 1
E 13 2 1
E 13 47 1
E 13 0 1
E 13 46 1
E 13 14 1
E 13 430 1
E 13 451 1
E 13 55 1
E 13 579 1
E 13 324 1
E 13 657 1
E 13 83 1
E 13 177 1
E 13 57 1
E 13 929 1
E 13 101 1
E 14 14 1
E 14 1 1
E 14 33 1
E 14 0 1
E 14 24 1
E 14 20 1
E 15 9 1
E 15 0 1
E 16 9 1
E 16 0 1
E 17 0 1
E 17 1 1
E 17 20 1
E 17 46 1
E 17 36 1
E 17 222 1
E 17 51 1
E 17 202 1
E 17 9 1
E 17 2 1
E 18 9 1
E 18 0 1
E 18 150 1
E 18 1 1
E 18 169 1
E 19 1 1
E 19 0 1
E 21 9 1
E 21 26 1
E 21 0 1
E 21 14 1
E 21 36 1
E 21 2 1
E 21 201 1
E 21 73 1
E 21 206 1
E 21 1 1
E 21 220 1
E 21 118 1
E 21 122 1
E 22 0 1
E 22 36 1
E 22 201 1
E 22 139 1
E 22 9 1
E 22 1 1
E 22 499 1
E 22 562 1
E 23 9 1
E 23 1 1
E 23 252 1
E 23 55 1
E 23 36 1
E 23 0 1
E 23 682 1
E 25 20 1
E 27 9 1
E 28 0 1
E 28 1 1
E 28 36 1
E 28 375 1
E 28 442 1
E 29 1 1
E 29 0 1
E 29 33 1
E 29 86 1
E 29 36 1
E 29 83 1
E 29 34 1
E 30 20 1
E 30 0 1
E 30 1 1
E 30 9 1
E 30 53 1
E 30 135 1
E 30 70 1
E 30 220 1
E 30 36 1
E 30 30 1
E 30 23 1
E 30 31 1
E 30 508 1
E 31 2 1
E 31 0 1
E 31 1 1
E 31 70 1
E 32 0 1
E 32 101 1
E 32 57 1
E 32 115 1
E 33 1 1
E 35 0 1
E 35 20 1
E 35 9 1
E 35 24 1
E 35 55 1
E 35 46 1
E 35 36 1
E 35 527 1
E 35 711 1
E 37 34 1
E 37 1 1
E 37 55 1
E 37 9 1
E 37 0 1
E 38 0 1
E 38 184 1
E 38 1 1
E 38 70 1
E 39 1 1
E 39 31 1
E 39 0 1
E 39 468 1
E 40 36 1
E 40 0 1
E 40 14 1
E 40 30 1
E 40 25 1
E 40 720 1
E 41 36 1
E 41 729 1
E 42 36 1
E 42 1 1
E 43 1 1
E 43 47 1
E 43 9 1
E 44 1 1
E 44 0 1
E 44 14 1
E 44 83 1
E 44 34 1
E 44 363 1
E 44 9 1
E 45 36 1
E 45 20 1
E 45 30 1
E 45 0 1
E 45 174 1
E 48 0 1
E 49 1 1
E 49 0 1
E 49 658 1
E 50 0 1
E 51 1 1
E 51 0 1
E 51 51 1
E 51 67 1
E 51 291 1
E 51 132 1
E 51 213 1
E 51 536 1
E 51 438 1
E 51 46 1
E 52 0 1
E 54 9 1
E 54 0 1
E 54 73 1
E 56 1 1
E 56 9 1
E 56 374 1
E 56 0 1
E 58 9 1
E 58 0 1
E 58 1 1
E 58 24 1
E 58 30 1
E 58 155 1
E 58 538 1
E 58 46 1
E 59 0 1
E 59 53 1
E 59 1 1
E 59 9 1
E 59 70 1
E 59 24 1
E 59 46 1
E 59 416 1
E 59 570 1
E 60 30 1
E 61 24 1
E 61 0 1
E 61 284 1
E 61 20 1
E 61 55 1
E 61 547 1
E 62 9 1
E 62 1 1
E 62 223 1
E 63 24 1
E 63 9 1
E 63 0 1
E 63 342 1
E 63 55 1
E 63 989 1
E 64 0 1
E 66 46 1
E 66 0 1
E 66 14 1
E 66 21 1
E 66 2 1
E 66 1 1
E 66 363 1
E 66 37 1
E 66 284 1
E 66 36 1
E 66 496 1
E 68 33 1
E 68 122 1
E 68 0 1
E 68 143 1
E 68 24 1
E 68 34 1
E 68 14 1
E 68 70 1
E 68 46 1
E 68 11 1
E 68 453 1
E 68 1 1
E 69 9 1
E 70 9 1
E 71 5 1
E 72 0 1
E 72 206 1
E 72 324 1
E 73 0 1
E 74 0 1
E 74 1 1
E 74 2 1
E 75 1 1
E 75 9 1
E 75 0 1
E 76 1 1
E 77 67 1
E 77 1 1
E 77 11 1
E 77 0 1
E 77 70 1
E 77 334 1
E 77 726 1
E 77 152 1
E 78 0 1
E 79 1 1
E 79 0 1
E 79 209 1
E 79 20 1
E 80 30 1
E 80 0 1
E 80 9 1
E 81 1 1
E 81 0 1
E 82 0 1
E 83 0 1
E 83 183 1
E 84 1 1
E 85 0 1
E 85 2 1
E 86 55 1
E 87 2 1
E 87 0 1
E 87 70 1
E 87 1 1
E 87 9 1
E 87 14 1
E 87 266 1
E 87 57 1
E 87 36 1
E 87 135 1
E 87 473 1
E 87 206 1
E 87 309 1
E 88 83 1
E 88 0 1
E 88 455 1
E 89 31 1
E 89 1 1
E 89 9 1
E 90 19 1
E 90 0 1
E 90 174 1
E 90 2 1
E 90 46 1
E 91 9 1
E 91 210 1
E 91 1 1
E 92 0 1
E 92 20 1
E 92 9 1
E 92 36 1
E 92 30 1
E 92 162 1
E 92 55 1
E 92 233 1
E 92 14 1
E 92 438 1
E 92 1 1
E 92 852 1
E 93 0 1
E 93 27 1
E 93 266 1
E 94 1 1
E 95 36 1
E 95 154 1
E 95 9 1
E 95 181 1
E 95 0 1
E 95 184 1
E 95 520 1
E 96 0 1
E 97 36 1
E 97 73 1
E 97 783 1
E 98 0 1
E 98 236 1
E 98 20 1
E 99 0 1
E 100 2 1
E 100 174 1
E 100 55 1
E 100 1 1
E 101 0 1
E 101 24 1
E 102 0 1
E 102 1 1
E 104 1 1
E 104 9 1
E 104 0 1
E 104 716 1
E 105 0 1
E 106 37 1
E 107 9 1
E 108 30 1
E 108 55 1
E 108 184 1
E 108 0 1
E 108 201 1
E 108 46 1
E 109 1 1
E 109 0 1
E 110 14 1
E 110 2 1
E 110 53 1
E 110 0 1
E 111 57 1
E 111 453 1
E 111 0 1
E 112 1 1
E 112 9 1
E 112 222 1
E 112 0 1
E 113 36 1
E 113 0 1
E 113 9 1
E 113 1 1
E 113 263 1
E 114 0 1
E 115 30 1
E 116 0 1
E 117 83 1
E 117 178 1
E 117 9 1
E 118 36 1
E 118 0 1
E 118 1 1
E 118 9 1
E 118 508 1
E 118 2 1
E 119 11 1
E 119 1 1
E 119 57 1
E 119 122 1
E 119 36 1
E 119 442 1
E 119 222 1
E 119 46 1
E 119 9 1
E 120 1 1
E 121 1 1
E 121 0 1
E 121 101 1
E 123 24 1
E 123 40 1
E 123 0 1
E 124 92 1
E 125 0 1
E 125 691 1
E 126 1 1
E 127 0 1
E 127 169 1
E 127 2 1
E 127 30 1
E 127 375 1
E 127 886 1
E 128 1 1
E 129 36 1
E 129 1 1
E 129 755 1
E 130 1 1
E 130 162 1
E 131 9 1
E 131 0 1
E 133 91 1
E 133 143 1
E 133 65 1
E 133 40 1
E 133 0 1
E 133 46 1
E 133 1 1
E 134 0 1
E 134 144 1
E 136 0 1
E 137 14 1
E 137 0 1
E 137 314 1
E 137 155 1
E 138 9 1
E 138 20 1
E 138 0 1
E 139 14 1
E 139 20 1
E 140 0 1
E 141 1 1
E 141 2 1
E 141 25 1
E 142 1 1
E 142 20 1
E 145 0 1
E 145 2 1
E 146 36 1
E 146 0 1
E 146 9 1
E 147 0 1
E 147 67 1
E 147 154 1
E 147 339 1
E 147 693 1
E 147 1 1
E 148 118 1
E 148 0 1
E 148 1 1
E 148 9 1
E 149 30 1
E 149 0 1
E 151 0 1
E 151 55 1
E 151 36 1
E 152 1 1
E 152 0 1
E 152 20 1
E 153 0 1
E 153 398 1
E 153 9 1
E 155 1 1
E 155 0 1
E 156 70 1
E 156 0 1
E 156 24 1
E 157 0 1
E 158 1 1
E 158 0 1
E 158 24 1
E 158 11 1
E 159 65 1
E 159 14 1
E 160 0 1
E 161 34 1
E 161 19 1
E 161 0 1
E 161 9 1
E 163 0 1
E 163 1 1
E 163 24 1
E 164 67 1
E 164 227 1
E 165 24 1
E 165 0 1
E 165 1 1
E 165 9 1
E 165 14 1
E 165 132 1
E 165 611 1
E 165 640 1
E 165 470 1
E 165 169 1
E 165 70 1
E 165 30 1
E 165 300 1
E 166 20 1
E 166 203 1
E 167 155 1
E 167 9 1
E 167 1 1
E 167 55 1
E 167 204 1
E 168 150 1
E 168 0 1
E 168 20 1
E 168 19 1
E 168 36 1
E 168 455 1
E 168 9 1
E 168 1 1
E 170 1 1
E 171 34 1
E 171 9 1
E 171 226 1
E 172 2 1
E 172 9 1
E 173 9 1
E 173 0 1
E 175 0 1
E 176 30 1
E 176 1 1
E 177 24 1
E 177 0 1
E 177 30 1
E 177 83 1
E 178 19 1
E 179 1 1
E 179 0 1
E 181 9 1
E 182 0 1
E 183 40 1
E 183 67 1
E 184 155 1
E 185 0 1
E 186 1 1
E 187 0 1
E 188 24 1
E 189 14 1
E 190 2 1
E 190 303 1
E 190 46 1
E 190 1 1
E 191 0 1
E 192 1 1
E 192 24 1
E 193 155 1
E 194 46 1
E 194 162 1
E 194 0 1
E 194 1 1
E 195 0 1
E 195 2 1
E 195 46 1
E 197 14 1
E 197 9 1
E 197 20 1
E 197 155 1
E 197 1 1
E 197 55 1
E 198 0 1
E 198 30 1
E 199 1 1
E 200 24 1
E 200 37 1
E 202 0 1
E 203 155 1
E 204 155 1
E 204 0 1
E 204 24 1
E 204 206 1
E 205 162 1
E 207 34 1
E 207 155 1
E 207 2 1
E 208 1 1
E 209 9 1
E 211 1 1
E 212 34 1
E 212 20 1
E 213 1 1
E 213 46 1
E 213 351 1
E 213 0 1
E 213 437 1
E 213 662 1
E 214 0 1
E 214 14 1
E 214 562 1
E 215 0 1
E 216 0 1
E 217 30 1
E 217 46 1
E 217 747 1
E 218 0 1
E 218 1 1
E 218 14 1
E 219 57 1
E 220 70 1
E 220 0 1
E 221 0 1
E 222 0 1
E 222 1 1
E 223 30 1
E 223 480 1
E 224 30 1
E 225 0 1
E 225 36 1
E 228 201 1
E 228 155 1
E 228 986 1
E 229 162 1
E 230 139 1
E 231 206 1
E 231 538 1
E 232 0 1
E 233 0 1
E 235 5 1
E 235 833 1
E 236 24 1
E 236 83 1
E 237 155 1
E 238 9 1
E 238 564 1
E 238 24 1
E 238 1 1
E 238 57 1
E 239 55 1
E 239 440 1
E 240 85 1
E 241 57 1
E 242 20 1
E 242 9 1
E 243 0 1
E 243 9 1
E 243 155 1
E 243 20 1
E 243 930 1
E 244 24 1
E 244 55 1
E 244 0 1
E 245 24 1
E 245 0 1
E 246 0 1
E 246 2 1
E 246 9 1
E 246 1 1
E 247 1 1
E 247 154 1
E 247 36 1
E 247 73 1
E 247 438 1
E 247 0 1
E 248 132 1
E 248 1 1
E 249 9 1
E 250 20 1
E 250 155 1
E 251 0 1
E 251 284 1
E 251 1 1
E 253 0 1
E 254 0 1
E 255 83 1
E 255 0 1
E 255 67 1
E 255 65 1
E 255 135 1
E 255 45 1
E 255 838 1
E 255 73 1
E 256 55 1
E 257 2 1
E 257 53 1
E 257 0 1
E 258 1 1
E 259 1 1
E 259 9 1
E 260 154 1
E 261 0 1
E 261 83 1
E 262 169 1
E 264 0 1
E 265 103 1
E 267 0 1
E 267 1 1
E 268 1 1
E 269 9 1
E 271 36 1
E 271 143 1
E 271 9 1
E 272 1 1
E 272 300 1
E 273 0 1
E 274 83 1
E 274 749 1
E 275 0 1
E 275 184 1
E 275 2 1
E 275 374 1
E 275 113 1
E 275 1 1
E 276 1 1
E 276 70 1
E 277 0 1
E 278 0 1
E 278 1 1
E 278 971 1
E 279 20 1
E 279 9 1
E 279 1 1
E 279 0 1
E 280 67 1
E 281 20 1
E 282 9 1
E 282 0 1
E 282 1 1
E 283 2 1
E 285 70 1
E 286 53 1
E 286 363 1
E 287 20 1
E 288 55 1
E 289 65 1
E 289 0 1
E 289 14 1
E 289 46 1
E 289 324 1
E 289 1 1
E 290 111 1
E 292 30 1
E 293 67 1
E 294 252 1
E 295 0 1
E 296 111 1
E 297 24 1
E 298 224 1
E 298 46 1
E 299 9 1
E 299 31 1
E 299 70 1
E 299 1 1
E 300 0 1
E 302 0 1
E 304 83 1
E 304 0 1
E 304 50 1
E 304 36 1
E 305 0 1
E 305 1 1
E 305 300 1
E 305 179 1
E 305 171 1
E 306 2 1
E 306 155 1
E 307 46 1
E 308 162 1
E 308 1 1
E 309 113 1
E 310 0 1
E 311 0 1
E 311 139 1
E 311 892 1
E 312 20 1
E 313 0 1
E 313 73 1
E 315 20 1
E 316 1 1
E 317 0 1
E 317 118 1
E 318 1 1
E 318 0 1
E 318 638 1
E 318 752 1
E 318 30 1
E 318 375 1
E 319 0 1
E 320 0 1
E 320 14 1
E 320 392 1
E 321 87 1
E 321 0 1
E 321 85 1
E 321 9 1
E 322 0 1
E 323 1 1
E 325 0 1
E 326 0 1
E 327 309 1
E 327 0 1
E 328 0 1
E 329 1 1
E 330 1 1
E 331 9 1
E 331 0 1
E 332 9 1
E 332 750 1
E 333 46 1
E 334 85 1
E 334 31 1
E 335 26 1
E 336 9 1
E 337 202 1
E 338 0 1
E 340 223 1
E 341 0 1
E 341 9 1
E 343 0 1
E 343 438 1
E 344 0 1
E 345 0 1
E 345 57 1
E 346 181 1
E 346 46 1
E 346 0 1
E 347 9 1
E 348 20 1
E 349 0 1
E 352 0 1
E 353 53 1
E 353 196 1
E 354 9 1
E 355 0 1
E 355 19 1
E 355 169 1
E 355 47 1
E 356 37 1
E 356 0 1
E 357 1 1
E 358 36 1
E 359 0 1
E 359 368 1
E 359 92 1
E 360 47 1
E 361 1 1
E 362 0 1
E 362 9 1
E 362 65 1
E 363 73 1
E 363 0 1
E 364 46 1
E 365 1 1
E 365 184 1
E 366 9 1
E 366 300 1
E 366 0 1
E 367 0 1
E 368 0 1
E 368 9 1
E 368 671 1
E 368 253 1
E 369 31 1
E 369 0 1
E 369 55 1
E 369 9 1
E 370 9 1
E 370 155 1
E 370 36 1
E 371 0 1
E 371 118 1
E 371 324 1
E 372 9 1
E 373 0 1
E 373 9 1
E 375 0 1
E 375 440 1
E 376 9 1
E 377 91 1
E 378 375 1
E 378 9 1
E 379 301 1
E 380 0 1
E 380 527 1
E 381 0 1
E 382 1 1
E 382 0 1
E 383 1 1
E 384 2 1
E 385 0 1
E 386 9 1
E 387 1 1
E 388 196 1
E 389 36 1
E 389 9 1
E 390 67 1
E 390 0 1
E 390 285 1
E 391 53 1
E 391 437 1
E 391 0 1
E 391 83 1
E 392 37 1
E 392 0 1
E 393 9 1
E 394 181 1
E 395 14 1
E 396 223 1
E 397 122 1
E 397 0 1
E 399 9 1
E 400 1 1
E 400 0 1
E 401 2 1
E 401 426 1
E 401 36 1
E 402 2 1
E 402 934 1
E 403 351 1
E 403 24 1
E 404 70 1
E 405 9 1
E 406 0 1
E 406 300 1
E 406 171 1
E 407 36 1
E 408 1 1
E 409 9 1
E 410 70 1
E 411 0 1
E 412 0 1
E 413 0 1
E 414 0 1
E 415 83 1
E 417 14 1
E 418 0 1
E 419 20 1
E 420 1 1
E 420 83 1
E 421 33 1
E 421 464 1
E 422 0 1
E 423 2 1
E 423 1 1
E 424 36 1
E 427 0 1
E 427 20 1
E 428 155 1
E 429 9 1
E 429 392 1
E 431 31 1
E 431 438 1
E 431 46 1
E 432 132 1
E 433 0 1
E 434 70 1
E 434 0 1
E 435 9 1
E 435 2 1
E 436 1 1
E 436 14 1
E 436 655 1
E 436 19 1
E 437 0 1
E 439 0 1
E 439 1 1
E 441 55 1
E 443 1 1
E 443 141 1
E 443 55 1
E 443 301 1
E 444 202 1
E 445 6 1
E 445 484 1
E 446 300 1
E 446 24 1
E 446 9 1
E 447 0 1
E 448 0 1
E 449 14 1
E 449 24 1
E 450 6 1
E 452 55 1
E 454 177 1
E 456 0 1
E 456 9 1
E 456 446 1
E 457 9 1
E 457 20 1
E 457 631 1
E 458 169 1
E 459 9 1
E 460 9 1
E 461 0 1
E 461 430 1
E 462 2 1
E 462 14 1
E 463 46 1
E 464 0 1
E 465 14 1
E 466 14 1
E 466 0 1
E 466 1 1
E 467 20 1
E 468 432 1
E 469 24 1
E 469 0 1
E 469 14 1
E 470 33 1
E 470 1 1
E 471 20 1
E 471 1 1
E 471 0 1
E 472 9 1
E 474 0 1
E 475 83 1
E 476 20 1
E 477 67 1
E 478 0 1
E 479 1 1
E 481 83 1
E 482 24 1
E 482 399 1
E 483 0 1
E 485 86 1
E 487 0 1
E 487 196 1
E 488 374 1
E 488 1 1
E 489 0 1
E 490 132 1
E 491 0 1
E 491 547 1
E 492 430 1
E 492 0 1
E 493 9 1
E 494 231 1
E 494 0 1
E 495 20 1
E 495 1 1
E 496 2 1
E 496 300 1
E 496 83 1
E 496 177 1
E 497 46 1
E 498 9 1
E 500 0 1
E 500 70 1
E 501 0 1
E 501 608 1
E 502 0 1
E 503 1 1
E 504 258 1
E 504 2 1
E 505 1 1
E 505 355 1
E 506 9 1
E 506 0 1
E 507 416 1
E 508 6 1
E 509 0 1
E 510 0 1
E 511 36 1
E 512 9 1
E 512 101 1
E 513 508 1
E 514 57 1
E 515 178 1
E 515 0 1
E 516 0 1
E 517 1 1
E 518 155 1
E 519 36 1
E 521 177 1
E 522 1 1
E 523 20 1
E 524 47 1
E 525 31 1
E 525 0 1
E 526 0 1
E 526 155 1
E 526 609 1
E 528 0 1
E 529 1 1
E 530 9 1
E 530 24 1
E 531 0 1
E 532 139 1
E 533 111 1
E 534 36 1
E 534 0 1
E 535 1 1
E 536 55 1
E 537 202 1
E 539 83 1
E 539 662 1
E 539 0 1
E 540 36 1
E 541 25 1
E 542 285 1
E 543 0 1
E 544 53 1
E 545 0 1
E 546 1 1
E 548 0 1
E 549 1 1
E 549 2 1
E 549 132 1
E 550 20 1
E 551 1 1
E 552 83 1
E 552 0 1
E 553 182 1
E 554 9 1
E 555 14 1
E 556 9 1
E 558 23 1
E 558 73 1
E 559 363 1
E 559 0 1
E 560 20 1
E 561 1 1
E 562 0 1
E 563 46 1
E 563 300 1
E 563 226 1
E 565 0 1
E 566 198 1
E 567 2 1
E 568 1 1
E 569 0 1
E 570 1 1
E 571 266 1
E 572 0 1
E 572 25 1
E 572 9 1
E 573 0 1
E 574 139 1
E 575 0 1
E 576 9 1
E 577 37 1
E 578 1 1
E 580 9 1
E 581 36 1
E 582 164 1
E 583 363 1
E 584 0 1
E 585 0 1
E 586 0 1
E 587 9 1
E 588 83 1
E 589 300 1
E 589 24 1
E 590 222 1
E 591 1 1
E 592 24 1
E 593 55 1
E 593 57 1
E 593 0 1
E 594 374 1
E 595 324 1
E 596 1 1
E 597 1 1
E 598 393 1
E 599 24 1
E 599 193 1
E 600 399 1
E 601 522 1
E 602 14 1
E 602 46 1
E 603 0 1
E 604 301 1
E 605 70 1
E 606 0 1
E 607 1 1
E 610 225 1
E 612 0 1
E 613 0 1
E 614 24 1
E 615 14 1
E 615 36 1
E 616 504 1
E 616 1 1
E 617 30 1
E 618 1 1
E 618 55 1
E 619 1 1
E 620 21 1
E 621 215 1
E 622 342 1
E 622 144 1
E 623 266 1
E 623 0 1
E 624 9 1
E 625 1 1
E 626 33 1
E 627 300 1
E 628 9 1
E 629 0 1
E 629 2 1
E 630 33 1
E 631 0 1
E 632 20 1
E 633 1 1
E 634 0 1
E 635 0 1
E 636 111 1
E 637 36 1
E 639 122 1
E 640 0 1
E 641 36 1
E 642 1 1
E 643 20 1
E 643 51 1
E 644 1 1
E 645 46 1
E 646 83 1
E 646 6 1
E 647 14 1
E 647 9 1
E 648 20 1
E 648 0 1
E 649 31 1
E 649 0 1
E 651 55 1
E 651 20 1
E 652 1 1
E 653 20 1
E 654 20 1
E 654 46 1
E 656 0 1
E 657 20 1
E 659 178 1
E 660 1 1
E 661 0 1
E 661 36 1
E 663 14 1
E 663 9 1
E 664 36 1
E 665 24 1
E 665 33 1
E 666 9 1
E 667 177 1
E 668 55 1
E 669 2 1
E 670 9 1
E 672 1 1
E 673 36 1
E 674 92 1
E 675 109 1
E 676 1 1
E 677 72 1
E 678 9 1
E 679 0 1
E 680 24 1
E 681 374 1
E 681 33 1
E 682 291 1
E 683 0 1
E 684 2 1
E 685 0 1
E 686 0 1
E 687 46 1
E 688 342 1
E 688 0 1
E 689 14 1
E 690 0 1
E 691 9 1
E 692 0 1
E 692 122 1
E 694 1 1
E 695 0 1
E 696 2 1
E 696 45 1
E 697 9 1
E 698 0 1
E 699 1 1
E 700 155 1
E 701 0 1
E 702 635 1
E 703 0 1
E 704 201 1
E 705 21 1
E 706 67 1
E 707 9 1
E 708 355 1
E 708 206 1
E 708 1 1
E 709 0 1
E 710 83 1
E 710 0 1
E 712 430 1
E 712 24 1
E 712 9 1
E 713 20 1
E 713 893 1
E 714 263 1
E 715 0 1
E 715 776 1
E 715 1 1
E 715 20 1
E 717 155 1
E 718 9 1
E 719 0 1
E 721 33 1
E 722 14 1
E 723 36 1
E 723 253 1
E 724 46 1
E 725 0 1
E 725 363 1
E 727 0 1
E 728 46 1
E 730 55 1
E 731 20 1
E 732 70 1
E 732 402 1
E 733 73 1
E 734 1 1
E 735 0 1
E 736 31 1
E 737 0 1
E 738 14 1
E 738 0 1
E 738 36 1
E 739 206 1
E 740 609 1
E 741 0 1
E 742 36 1
E 743 30 1
E 744 9 1
E 745 306 1
E 746 30 1
E 747 0 1
E 748 70 1
E 751 640 1
E 753 24 1
E 754 20 1
E 755 0 1
E 756 0 1
E 757 0 1
E 758 0 1
E 758 1 1
E 758 83 1
E 759 30 1
E 760 169 1
E 761 266 1
E 762 14 1
E 763 2 1
E 764 1 1
E 765 206 1
E 766 396 1
E 767 37 1
E 768 0 1
E 769 0 1
E 770 25 1
E 771 178 1
E 772 0 1
E 773 1 1
E 773 24 1
E 774 9 1
E 774 830 1
E 774 909 1
E 775 0 1
E 777 0 1
E 778 9 1
E 778 0 1
E 779 0 1
E 780 0 1
E 780 36 1
E 781 30 1
E 782 691 1
E 782 9 1
E 783 0 1
E 784 55 1
E 785 0 1
E 786 0 1
E 787 2 1
E 788 0 1
E 788 421 1
E 789 1 1
E 790 20 1
E 791 1 1
E 792 20 1
E 794 1 1
E 795 9 1
E 796 663 1
E 797 0 1
E 797 1 1
E 798 178 1
E 798 608 1
E 799 177 1
E 800 2 1
E 801 9 1
E 803 1 1
E 804 298 1
E 805 1 1
E 806 1 1
E 807 1 1
E 808 51 1
E 809 148 1
E 810 55 1
E 811 1 1
E 812 6 1
E 813 1 1
E 814 20 1
E 815 437 1
E 815 1 1
E 816 368 1
E 817 0 1
E 818 0 1
E 819 94 1
E 820 1 1
E 821 11 1
E 822 0 1
E 823 0 1
E 824 397 1
E 825 271 1
E 826 205 1
E 827 0 1
E 827 527 1
E 828 72 1
E 829 37 1
E 831 0 1
E 832 9 1
E 834 20 1
E 835 0 1
E 836 33 1
E 837 0 1
E 838 0 1
E 839 9 1
E 840 9 1
E 841 111 1
E 842 25 1
E 843 46 1
E 844 34 1
E 845 177 1
E 846 0 1
E 847 508 1
E 848 0 1
E 849 9 1
E 850 0 1
E 851 0 1
E 853 115 1
E 854 70 1
E 855 83 1
E 856 30 1
E 856 0 1
E 857 0 1
E 858 1 1
E 859 0 1
E 860 430 1
E 861 67 1
E 862 1 1
E 863 1 1
E 864 37 1
E 865 0 1
E 866 430 1
E 867 0 1
E 868 0 1
E 869 55 1
E 869 0 1
E 869 20 1
E 870 1 1
E 871 9 1
E 872 392 1
E 873 1 1
E 874 14 1
E 875 36 1
E 876 1 1
E 877 430 1
E 878 20 1
E 879 24 1
E 880 14 1
E 881 1 1
E 882 20 1
E 883 0 1
E 884 1 1
E 885 1 1
E 887 40 1
E 888 266 1
E 889 53 1
E 890 181 1
E 891 36 1
E 895 632 1
E 896 25 1
E 897 869 1
E 898 363 1
E 899 1 1
E 899 174 1
E 900 155 1
E 901 9 1
E 902 438 1
E 903 654 1
E 904 520 1
E 905 36 1
E 906 20 1
E 907 83 1
E 908 53 1
E 910 46 1
E 911 508 1
E 912 1 1
E 913 1 1
E 914 46 1
E 915 0 1
E 916 1 1
E 917 0 1
E 918 1 1
E 919 356 1
E 920 1 1
E 921 24 1
E 922 40 1
E 923 24 1
E 924 0 1
E 925 1 1
E 926 30 1
E 927 9 1
E 927 2 1
E 928 0 1
E 931 9 1
E 932 55 1
E 933 0 1
E 935 861 1
E 936 20 1
E 937 9 1
E 938 861 1
E 939 83 1
E 940 1 1
E 941 226 1
E 942 694 1
E 943 178 1
E 944 769 1
E 945 284 1
E 947 253 1
E 948 46 1
E 949 9 1
E 950 0 1
E 951 440 1
E 952 40 1
E 953 20 1
E 954 861 1
E 955 587 1
E 956 0 1
E 957 869 1
E 958 0 1
E 959 0 1
E 960 1 1
E 961 55 1
E 962 65 1
E 963 1 1
E 964 1 1
E 965 0 1
E 966 284 1
E 967 0 1
E 968 31 1
E 969 0 1
E 970 14 1
E 972 0 1
E 973 0 1
E 974 374 1
E 975 83 1
E 976 20 1
E 977 20 1
E 978 571 1
E 979 1 1
E 980 0 1
E 981 9 1
E 982 73 1
E 983 53 1
E 984 31 1
E 985 1 1
E 987 46 1
E 988 9 1
E 990 720 1
E 991 155 1
E 992 55 1
E 993 694 1
E 994 155 1
E 995 1 1
E 996 397 1
E 997 934 1
E 998 196 1
E 999 1 1
