H 100 975 0
E 0 2 1
E 0 8 1
E 0 10 1
E 0 13 1
E 0 20 1
E 0 27 1
E 0 28 1
E 0 42 1
E 0 45 1
E 0 68 1
E 0 89 1
E 0 90 1
E 0 95 1
E 1 2 1
E 1 26 1
E 1 28 1
E 1 33 1
E 1 36 1
E 1 38 1
E 1 62 1
E 1 67 1
E 1 78 1
E 1 85 1
E 1 99 1
E 2 10 1
E 2 27 1
E 2 33 1
E 2 55 1
E 2 59 1
E 2 72 1
E 2 90 1
E 2 93 1
E 3 0 1
E 3 1 1
E 3 28 1
E 3 46 1
E 3 72 1
E 3 79 1
E 3 98 1
E 4 11 1
E 4 20 1
E 4 24 1
E 4 32 1
E 4 40 1
E 4 65 1
E 4 74 1
E 4 86 1
E 4 98 1
E 5 7 1
E 5 10 1
E 5 14 1
E 5 23 1
E 5 24 1
E 5 34 1
E 5 49 1
E 5 55 1
E 5 89 1
E 5 95 1
E 6 4 1
E 6 7 1
E 6 15 1
E 6 44 1
E 6 58 1
E 6 63 1
E 6 65 1
E 6 90 1
E 6 91 1
E 7 11 1
E 7 23 1
E 7 24 1
E 7 28 1
E 7 36 1
E 7 45 1
E 7 83 1
E 8 26 1
E 8 35 1
E 8 60 1
E 8 61 1
E 8 67 1
E 8 73 1
E 8 82 1
E 8 91 1
E 9 18 1
E 9 39 1
E 9 66 1
E 9 76 1
E 9 81 1
E 9 90 1
E 10 1 1
E 10 5 1
E 10 11 1
E 10 24 1
E 10 29 1
E 10 37 1
E 10 44 1
E 10 45 1
E 10 50 1
E 10 60 1
E 10 66 1
E 10 72 1
E 10 73 1
E 10 75 1
E 10 84 1
E 10 96 1
E 11 2 1
E 11 4 1
E 11 5 1
E 11 37 1
E 11 45 1
E 11 51 1
E 11 60 1
E 11 61 1
E 11 77 1
E 11 80 1
E 11 86 1
E 11 94 1
E 11 96 1
E 11 97 1
E 12 5 1
E 12 11 1
E 12 49 1
E 12 53 1
E 12 57 1
E 12 59 1
E 12 74 1
E 12 93 1
E 12 94 1
E 13 30 1
E 13 36 1
E 13 87 1
E 13 88 1
E 13 93 1
E 14 5 1
E 14 6 1
E 14 16 1
E 14 23 1
E 14 32 1
E 14 34 1
E 14 44 1
E 14 52 1
E 14 61 1
E 14 65 1
E 14 67 1
E 14 92 1
E 14 97 1
E 15 4 1
E 15 11 1
E 15 21 1
E 15 22 1
E 15 54 1
E 15 59 1
E 15 72 1
E 15 78 1
E 15 85 1
E 15 98 1
E 16 25 1
E 16 26 1
E 16 41 1
E 16 42 1
E 16 59 1
E 16 74 1
E 16 80 1
E 16 96 1
E 17 12 1
E 17 39 1
E 17 53 1
E 17 56 1
E 17 65 1
E 18 21 1
E 18 26 1
E 18 38 1
E 18 55 1
E 18 81 1
E 18 93 1
E 18 96 1
E 19 23 1
E 19 26 1
E 19 28 1
E 19 38 1
E 19 44 1
E 19 52 1
E 19 54 1
E 19 57 1
E 19 59 1
E 19 81 1
E 19 82 1
E 19 98 1
E 20 1 1
E 20 4 1
E 20 10 1
E 20 25 1
E 20 56 1
E 20 71 1
E 20 89 1
E 21 24 1
E 21 25 1
E 21 34 1
E 21 42 1
E 21 44 1
E 21 48 1
E 21 54 1
E 21 71 1
E 21 74 1
E 21 75 1
E 21 82 1
E 21 84 1
E 21 89 1
E 21 90 1
E 21 94 1
E 22 2 1
E 22 15 1
E 22 24 1
E 22 33 1
E 22 37 1
E 22 44 1
E 22 53 1
E 22 55 1
E 22 61 1
E 22 71 1
E 22 75 1
E 23 29 1
E 23 42 1
E 23 47 1
E 23 54 1
E 23 66 1
E 23 99 1
E 24 8 1
E 24 29 1
E 24 49 1
E 24 51 1
E 24 61 1
E 24 62 1
E 24 78 1
E 25 3 1
E 25 14 1
E 25 35 1
E 25 42 1
E 25 49 1
E 25 62 1
E 25 63 1
E 25 69 1
E 25 89 1
E 25 94 1
E 26 0 1
E 26 13 1
E 26 22 1
E 26 32 1
E 26 45 1
E 26 64 1
E 26 65 1
E 26 67 1
E 26 68 1
E 26 75 1
E 26 88 1
E 26 92 1
E 26 93 1
E 27 14 1
E 27 17 1
E 27 20 1
E 27 33 1
E 27 49 1
E 27 57 1
E 27 63 1
E 27 76 1
E 27 83 1
E 27 91 1
E 27 94 1
E 28 1 1
E 28 2 1
E 28 5 1
E 28 17 1
E 28 36 1
E 28 39 1
E 28 46 1
E 28 54 1
E 28 65 1
E 28 66 1
E 28 73 1
E 28 79 1
E 28 86 1
E 28 92 1
E 29 14 1
E 29 25 1
E 29 39 1
E 29 50 1
E 29 54 1
E 29 62 1
E 29 97 1
E 30 10 1
E 30 17 1
E 30 20 1
E 30 35 1
E 30 40 1
E 30 46 1
E 30 50 1
E 30 64 1
E 30 74 1
E 30 77 1
E 30 83 1
E 30 93 1
E 30 96 1
E 31 10 1
E 31 35 1
E 31 61 1
E 31 66 1
E 31 73 1
E 31 79 1
E 32 2 1
E 32 15 1
E 32 37 1
E 32 40 1
E 32 44 1
E 32 67 1
E 32 89 1
E 33 4 1
E 33 12 1
E 33 25 1
E 33 31 1
E 33 47 1
E 33 54 1
E 33 60 1
E 33 63 1
E 33 99 1
E 34 3 1
E 34 7 1
E 34 36 1
E 34 41 1
E 34 47 1
E 34 56 1
E 34 58 1
E 34 63 1
E 34 65 1
E 34 73 1
E 34 86 1
E 34 96 1
E 35 4 1
E 35 17 1
E 35 26 1
E 35 32 1
E 35 37 1
E 35 53 1
E 35 54 1
E 35 63 1
E 35 80 1
E 36 5 1
E 36 61 1
E 36 73 1
E 36 92 1
E 37 23 1
E 37 34 1
E 37 39 1
E 37 50 1
E 37 69 1
E 37 77 1
E 37 78 1
E 37 94 1
E 37 95 1
E 38 4 1
E 38 12 1
E 38 17 1
E 38 40 1
E 38 64 1
E 38 65 1
E 38 83 1
E 39 4 1
E 39 5 1
E 39 6 1
E 39 8 1
E 39 44 1
E 39 46 1
E 39 52 1
E 39 78 1
E 39 93 1
E 39 94 1
E 39 98 1
E 40 0 1
E 40 6 1
E 40 10 1
E 40 34 1
E 40 37 1
E 40 51 1
E 40 61 1
E 40 74 1
E 41 12 1
E 41 13 1
E 41 17 1
E 41 19 1
E 41 20 1
E 41 35 1
E 41 40 1
E 41 43 1
E 41 52 1
E 41 53 1
E 41 67 1
E 41 84 1
E 41 86 1
E 41 94 1
E 41 97 1
E 42 0 1
E 42 25 1
E 42 38 1
E 42 51 1
E 42 72 1
E 42 93 1
E 43 3 1
E 43 27 1
E 43 42 1
E 43 48 1
E 43 51 1
E 43 54 1
E 43 57 1
E 43 68 1
E 43 94 1
E 43 99 1
E 44 3 1
E 44 7 1
E 44 35 1
E 44 36 1
E 44 56 1
E 44 58 1
E 44 70 1
E 44 80 1
E 44 96 1
E 44 97 1
E 45 2 1
E 45 4 1
E 45 9 1
E 45 37 1
E 45 42 1
E 45 47 1
E 45 63 1
E 45 69 1
E 45 78 1
E 45 83 1
E 45 85 1
E 45 93 1
E 45 94 1
E 45 98 1
E 46 48 1
E 46 56 1
E 46 63 1
E 46 78 1
E 46 79 1
E 46 89 1
E 46 93 1
E 46 98 1
E 47 8 1
E 47 10 1
E 47 12 1
E 47 24 1
E 47 28 1
E 47 34 1
E 47 41 1
E 47 49 1
E 47 54 1
E 47 58 1
E 47 68 1
E 47 71 1
E 47 76 1
E 47 78 1
E 47 84 1
E 47 90 1
E 47 98 1
E 48 15 1
E 48 21 1
E 48 85 1
E 48 87 1
E 48 93 1
E 49 2 1
E 49 15 1
E 49 23 1
E 49 31 1
E 49 87 1
E 49 93 1
E 50 0 1
E 50 3 1
E 50 9 1
E 50 21 1
E 50 25 1
E 50 60 1
E 50 61 1
E 50 71 1
E 50 78 1
E 50 83 1
E 51 11 1
E 51 22 1
E 51 35 1
E 51 54 1
E 51 58 1
E 51 60 1
E 51 75 1
E 51 85 1
E 51 93 1
E 52 28 1
E 52 59 1
E 52 69 1
E 52 76 1
E 52 81 1
E 52 97 1
E 52 98 1
E 53 5 1
E 53 28 1
E 53 29 1
E 53 34 1
E 53 68 1
E 53 70 1
E 53 74 1
E 53 78 1
E 53 89 1
E 53 94 1
E 53 97 1
E 54 2 1
E 54 9 1
E 54 22 1
E 54 49 1
E 54 56 1
E 54 65 1
E 54 79 1
E 54 80 1
E 54 86 1
E 54 87 1
E 55 14 1
E 55 18 1
E 55 34 1
E 55 56 1
E 55 67 1
E 55 70 1
E 55 75 1
E 55 82 1
E 55 90 1
E 55 97 1
E 55 98 1
E 56 0 1
E 56 10 1
E 56 15 1
E 56 19 1
E 56 51 1
E 56 52 1
E 56 57 1
E 56 59 1
E 56 61 1
E 56 74 1
E 56 81 1
E 56 85 1
E 57 0 1
E 57 7 1
E 57 23 1
E 57 42 1
E 57 56 1
E 57 73 1
E 57 75 1
E 57 78 1
E 57 86 1
E 57 92 1
E 57 98 1
E 58 8 1
E 58 11 1
E 58 18 1
E 58 21 1
E 58 31 1
E 58 48 1
E 58 63 1
E 58 66 1
E 58 85 1
E 59 6 1
E 59 19 1
E 59 25 1
E 59 38 1
E 59 62 1
E 59 63 1
E 59 69 1
E 59 73 1
E 59 89 1
E 60 1 1
E 60 6 1
E 60 9 1
E 60 20 1
E 60 26 1
E 60 27 1
E 60 41 1
E 60 54 1
E 60 70 1
E 60 79 1
E 60 82 1
E 61 1 1
E 61 13 1
E 61 21 1
E 61 24 1
E 61 27 1
E 61 31 1
E 61 34 1
E 61 43 1
E 61 53 1
E 61 55 1
E 61 63 1
E 61 84 1
E 61 96 1
E 62 6 1
E 62 13 1
E 62 39 1
E 62 40 1
E 62 41 1
E 62 48 1
E 62 49 1
E 62 61 1
E 62 69 1
E 62 93 1
E 62 94 1
E 62 98 1
E 63 1 1
E 63 10 1
E 63 13 1
E 63 42 1
E 63 47 1
E 63 49 1
E 63 51 1
E 63 68 1
E 63 92 1
E 64 8 1
E 64 18 1
E 64 20 1
E 64 27 1
E 64 68 1
E 64 90 1
E 65 0 1
E 65 18 1
E 65 19 1
E 65 27 1
E 65 62 1
E 65 95 1
E 66 4 1
E 66 5 1
E 66 14 1
E 66 32 1
E 66 52 1
E 66 55 1
E 66 61 1
E 66 70 1
E 66 83 1
E 66 87 1
E 66 95 1
E 67 1 1
E 67 11 1
E 67 14 1
E 67 15 1
E 67 22 1
E 67 49 1
E 67 69 1
E 67 70 1
E 67 71 1
E 67 74 1
E 67 79 1
E 67 86 1
E 68 3 1
E 68 20 1
E 68 22 1
E 68 35 1
E 68 46 1
E 68 47 1
E 68 67 1
E 68 76 1
E 69 9 1
E 69 10 1
E 69 16 1
E 69 17 1
E 69 25 1
E 69 43 1
E 69 53 1
E 69 65 1
E 69 82 1
E 69 84 1
E 69 87 1
E 69 91 1
E 69 96 1
E 70 8 1
E 70 24 1
E 70 31 1
E 70 36 1
E 70 44 1
E 70 48 1
E 70 75 1
E 70 78 1
E 70 79 1
E 71 13 1
E 71 22 1
E 71 67 1
E 71 76 1
E 71 85 1
E 71 87 1
E 71 94 1
E 71 98 1
E 72 4 1
E 72 5 1
E 72 20 1
E 72 35 1
E 72 46 1
E 72 51 1
E 72 61 1
E 72 85 1
E 72 88 1
E 72 99 1
E 73 0 1
E 73 11 1
E 73 16 1
E 73 20 1
E 73 42 1
E 73 44 1
E 73 61 1
E 73 76 1
E 73 78 1
E 73 80 1
E 73 84 1
E 73 89 1
E 73 99 1
E 74 8 1
E 74 9 1
E 74 10 1
E 74 13 1
E 74 19 1
E 74 24 1
E 74 29 1
E 74 42 1
E 74 53 1
E 74 65 1
E 74 68 1
E 74 91 1
E 74 93 1
E 75 6 1
E 75 7 1
E 75 13 1
E 75 14 1
E 75 22 1
E 75 25 1
E 75 40 1
E 75 50 1
E 75 56 1
E 75 63 1
E 75 66 1
E 75 83 1
E 75 95 1
E 76 11 1
E 76 17 1
E 76 18 1
E 76 19 1
E 76 33 1
E 76 66 1
E 76 77 1
E 76 96 1
E 76 99 1
E 77 3 1
E 77 8 1
E 77 9 1
E 77 18 1
E 77 32 1
E 77 34 1
E 77 74 1
E 77 83 1
E 77 90 1
E 77 96 1
E 78 4 1
E 78 9 1
E 78 15 1
E 78 26 1
E 78 27 1
E 78 33 1
E 78 61 1
E 78 65 1
E 79 4 1
E 79 9 1
E 79 22 1
E 79 36 1
E 79 38 1
E 79 43 1
E 79 48 1
E 79 60 1
E 79 70 1
E 79 84 1
E 79 89 1
E 80 1 1
E 80 18 1
E 80 31 1
E 80 51 1
E 80 62 1
E 80 63 1
E 80 77 1
E 80 96 1
E 80 98 1
E 81 1 1
E 81 3 1
E 81 18 1
E 81 41 1
E 81 43 1
E 81 50 1
E 81 79 1
E 81 95 1
E 82 12 1
E 82 13 1
E 82 22 1
E 82 23 1
E 82 65 1
E 83 2 1
E 83 12 1
E 83 15 1
E 83 22 1
E 83 39 1
E 83 43 1
E 83 54 1
E 83 55 1
E 83 60 1
E 83 85 1
E 83 92 1
E 84 6 1
E 84 18 1
E 84 23 1
E 84 28 1
E 84 41 1
E 84 43 1
E 84 47 1
E 84 54 1
E 84 82 1
E 84 89 1
E 85 10 1
E 85 11 1
E 85 15 1
E 85 49 1
E 85 72 1
E 85 80 1
E 85 87 1
E 86 10 1
E 86 32 1
E 86 65 1
E 86 70 1
E 86 71 1
E 86 87 1
E 86 88 1
E 86 89 1
E 86 99 1
E 87 0 1
E 87 22 1
E 87 29 1
E 87 41 1
E 87 45 1
E 87 49 1
E 87 78 1
E 87 80 1
E 87 91 1
E 87 95 1
E 88 2 1
E 88 31 1
E 88 39 1
E 88 44 1
E 88 45 1
E 88 55 1
E 88 59 1
E 88 61 1
E 88 64 1
E 88 78 1
E 88 90 1
E 89 26 1
E 89 27 1
E 89 36 1
E 89 40 1
E 89 66 1
E 89 68 1
E 89 72 1
E 89 84 1
E 89 90 1
E 89 95 1
E 89 98 1
E 90 0 1
E 90 1 1
E 90 17 1
E 90 20 1
E 90 52 1
E 90 55 1
E 90 58 1
E 90 64 1
E 90 70 1
E 90 73 1
E 90 82 1
E 90 97 1
E 91 20 1
E 91 30 1
E 91 31 1
E 91 37 1
E 91 48 1
E 91 68 1
E 91 73 1
E 91 76 1
E 91 81 1
E 91 95 1
E 92 0 1
E 92 7 1
E 92 13 1
E 92 14 1
E 92 23 1
E 92 37 1
E 92 40 1
E 92 57 1
E 92 63 1
E 92 74 1
E 92 76 1
E 93 12 1
E 93 15 1
E 93 30 1
E 93 42 1
E 93 65 1
E 93 76 1
E 93 80 1
E 93 83 1
E 94 11 1
E 94 17 1
E 94 18 1
E 94 20 1
E 94 27 1
E 94 31 1
E 94 41 1
E 94 42 1
E 94 84 1
E 94 86 1
E 94 95 1
E 95 0 1
E 95 6 1
E 95 20 1
E 95 46 1
E 95 48 1
E 95 49 1
E 95 66 1
E 95 67 1
E 95 68 1
E 95 85 1
E 96 11 1
E 96 17 1
E 96 19 1
E 96 20 1
E 96 53 1
E 96 58 1
E 96 63 1
E 96 65 1
E 96 79 1
E 96 80 1
E 96 82 1
E 96 99 1
E 97 7 1
E 97 11 1
E 97 16 1
E 97 32 1
E 97 41 1
E 97 52 1
E 97 80 1
E 98 1 1
E 98 2 1
E 98 5 1
E 98 9 1
E 98 17 1
E 98 22 1
E 98 30 1
E 98 43 1
E 98 59 1
E 98 75 1
E 98 79 1
E 98 80 1
E 98 84 1
E 98 88 1
E 98 92 1
E 99 4 1
E 99 8 1
E 99 11 1
E 99 16 1
E 99 46 1
E 99 49 1
E 99 54 1
E 99 67 1
E 99 93 1
E 99 96 1
