H 100 9900 0
E 0 1 1
E 0 2 1
E 0 3 1
E 0 4 1
E 0 5 1
E 0 6 1
E 0 7 1
E 0 8 1
E 0 9 1
E 0 10 1
E 0 11 1
E 0 12 1
E 0 13 1
E 0 14 1
E 0 15 1
E 0 16 1
E 0 17 1
E 0 18 1
E 0 19 1
E 0 20 1
E 0 21 1
E 0 22 1
E 0 23 1
E 0 24 1
E 0 25 1
E 0 26 1
E 0 27 1
E 0 28 1
E 0 29 1
E 0 30 1
E 0 31 1
E 0 32 1
E 0 33 1
E 0 34 1
E 0 35 1
E 0 36 1
E 0 37 1
E 0 38 1
E 0 39 1
E 0 40 1
E 0 41 1
E 0 42 1
E 0 43 1
E 0 44 1
E 0 45 1
E 0 46 1
E 0 47 1
E 0 48 1
E 0 49 1
E 0 50 1
E 0 51 1
E 0 52 1
E 0 53 1
E 0 54 1
E 0 55 1
E 0 56 1
E 0 57 1
E 0 58 1
E 0 59 1
E 0 60 1
E 0 61 1
E 0 62 1
E 0 63 1
E 0 64 1
E 0 65 1
E 0 66 1
E 0 67 1
E 0 68 1
E 0 69 1
E 0 70 1
E 0 71 1
E 0 72 1
E 0 73 1
E 0 74 1
E 0 75 1
E 0 76 1
E 0 77 1
E 0 78 1
E 0 79 1
E 0 80 1
E 0 81 1
E 0 82 1
E 0 83 1
E 0 84 1
E 0 85 1
E 0 86 1
E 0 87 1
E 0 88 1
E 0 89 1
E 0 90 1
E 0 91 1
E 0 92 1
E 0 93 1
E 0 94 1
E 0 95 1
E 0 96 1
E 0 97 1
E 0 98 1
E 0 99 1
E 1 0 1
E 1 2 1
E 1 3 1
E 1 4 1
E 1 5 1
E 1 6 1
E 1 7 1
E 1 8 1
E 1 9 1
E 1 10 1
E 1 11 1
E 1 12 1
E 1 13 1
E 1 14 1
E 1 15 1
E 1 16 1
E 1 17 1
E 1 18 1
E 1 19 1
E 1 20 1
E 1 21 1
E 1 22 1
E 1 23 1
E 1 24 1
E 1 25 1
E 1 26 1
E 1 27 1
E 1 28 1
E 1 29 1
E 1 30 1
E 1 31 1
E 1 32 1
E 1 33 1
E 1 34 1
E 1 35 1
E 1 36 1
E 1 37 1
E 1 38 1
E 1 39 1
E 1 40 1
E 1 41 1
E 1 42 1
E 1 43 1
E 1 44 1
E 1 45 1
E 1 46 1
E 1 47 1
E 1 48 1
E 1 49 1
E 1 50 1
E 1 51 1
E 1 52 1
E 1 53 1
E 1 54 1
E 1 55 1
E 1 56 1
E 1 57 1
E 1 58 1
E 1 59 1
E 1 60 1
E 1 61 1
E 1 62 1
E 1 63 1
E 1 64 1
E 1 65 1
E 1 66 1
E 1 67 1
E 1 68 1
E 1 69 1
E 1 70 1
E 1 71 1
E 1 72 1
E 1 73 1
E 1 74 1
E 1 75 1
E 1 76 1
E 1 77 1
E 1 78 1
E 1 79 1
E 1 80 1
E 1 81 1
E 1 82 1
E 1 83 1
E 1 84 1
E 1 85 1
E 1 86 1
E 1 87 1
E 1 88 1
E 1 89 1
E 1 90 1
E 1 91 1
E 1 92 1
E 1 93 1
E 1 94 1
E 1 95 1
E 1 96 1
E 1 97 1
E 1 98 1
E 1 99 1
E 2 0 1
E 2 1 1
E 2 3 1
E 2 4 1
E 2 5 1
E 2 6 1
E 2 7 1
E 2 8 1
E 2 9 1
E 2 10 1
E 2 11 1
E 2 12 1
E 2 13 1
E 2 14 1
E 2 15 1
E 2 16 1
E 2 17 1
E 2 18 1
E 2 19 1
E 2 20 1
E 2 21 1
E 2 22 1
E 2 23 1
E 2 24 1
E 2 25 1
E 2 26 1
E 2 27 1
E 2 28 1
E 2 29 1
E 2 30 1
E 2 31 1
E 2 32 1
E 2 33 1
E 2 34 1
E 2 35 1
E 2 36 1
E 2 37 1
E 2 38 1
E 2 39 1
E 2 40 1
E 2 41 1
E 2 42 1
E 2 43 1
E 2 44 1
E 2 45 1
E 2 46 1
E 2 47 1
E 2 48 1
E 2 49 1
E 2 50 1
E 2 51 1
E 2 52 1
E 2 53 1
E 2 54 1
E 2 55 1
E 2 56 1
E 2 57 1
E 2 58 1
E 2 59 1
E 2 60 1
E 2 61 1
E 2 62 1
E 2 63 1
E 2 64 1
E 2 65 1
E 2 66 1
E 2 67 1
E 2 68 1
E 2 69 1
E 2 70 1
E 2 71 1
E 2 72 1
E 2 73 1
E 2 74 1
E 2 75 1
E 2 76 1
E 2 77 1
E 2 78 1
E 2 79 1
E 2 80 1
E 2 81 1
E 2 82 1
E 2 83 1
E 2 84 1
E 2 85 1
E 2 86 1
E 2 87 1
E 2 88 1
E 2 89 1
E 2 90 1
E 2 91 1
E 2 92 1
E 2 93 1
E 2 94 1
E 2 95 1
E 2 96 1
E 2 97 1
E 2 98 1
E 2 99 1
E 3 0 1
E 3 1 1
E 3 2 1
E 3 4 1
E 3 5 1
E 3 6 1
E 3 7 1
E 3 8 1
E 3 9 1
E 3 10 1
E 3 11 1
E 3 12 1
E 3 13 1
E 3 14 1
E 3 15 1
E 3 16 1
E 3 17 1
E 3 18 1
E 3 19 1
E 3 20 1
E 3 21 1
E 3 22 1
E 3 23 1
E 3 24 1
E 3 25 1
E 3 26 1
E 3 27 1
E 3 28 1
E 3 29 1
E 3 30 1
E 3 31 1
E 3 32 1
E 3 33 1
E 3 34 1
E 3 35 1
E 3 36 1
E 3 37 1
E 3 38 1
E 3 39 1
E 3 40 1
E 3 41 1
E 3 42 1
E 3 43 1
E 3 44 1
E 3 45 1
E 3 46 1
E 3 47 1
E 3 48 1
E 3 49 1
E 3 50 1
E 3 51 1
E 3 52 1
E 3 53 1
E 3 54 1
E 3 55 1
E 3 56 1
E 3 57 1
E 3 58 1
E 3 59 1
E 3 60 1
E 3 61 1
E 3 62 1
E 3 63 1
E 3 64 1
E 3 65 1
E 3 66 1
E 3 67 1
E 3 68 1
E 3 69 1
E 3 70 1
E 3 71 1
E 3 72 1
E 3 73 1
E 3 74 1
E 3 75 1
E 3 76 1
E 3 77 1
E 3 78 1
E 3 79 1
E 3 80 1
E 3 81 1
E 3 82 1
E 3 83 1
E 3 84 1
E 3 85 1
E 3 86 1
E 3 87 1
E 3 88 1
E 3 89 1
E 3 90 1
E 3 91 1
E 3 92 1
E 3 93 1
E 3 94 1
E 3 95 1
E 3 96 1
E 3 97 1
E 3 98 1
E 3 99 1
E 4 0 1
E 4 1 1
E 4 2 1
E 4 3 1
E 4 5 1
E 4 6 1
E 4 7 1
E 4 8 1
E 4 9 1
E 4 10 1
E 4 11 1
E 4 12 1
E 4 13 1
E 4 14 1
E 4 15 1
E 4 16 1
E 4 17 1
E 4 18 1
E 4 19 1
E 4 20 1
E 4 21 1
E 4 22 1
E 4 23 1
E 4 24 1
E 4 25 1
E 4 26 1
E 4 27 1
E 4 28 1
E 4 29 1
E 4 30 1
E 4 31 1
E 4 32 1
E 4 33 1
E 4 34 1
E 4 35 1
E 4 36 1
E 4 37 1
E 4 38 1
E 4 39 1
E 4 40 1
E 4 41 1
E 4 42 1
E 4 43 1
E 4 44 1
E 4 45 1
E 4 46 1
E 4 47 1
E 4 48 1
E 4 49 1
E 4 50 1
E 4 51 1
E 4 52 1
E 4 53 1
E 4 54 1
E 4 55 1
E 4 56 1
E 4 57 1
E 4 58 1
E 4 59 1
E 4 60 1
E 4 61 1
E 4 62 1
E 4 63 1
E 4 64 1
E 4 65 1
E 4 66 1
E 4 67 1
E 4 68 1
E 4 69 1
E 4 70 1
E 4 71 1
E 4 72 1
E 4 73 1
E 4 74 1
E 4 75 1
E 4 76 1
E 4 77 1
E 4 78 1
E 4 79 1
E 4 80 1
E 4 81 1
E 4 82 1
E 4 83 1
E 4 84 1
E 4 85 1
E 4 86 1
E 4 87 1
E 4 88 1
E 4 89 1
E 4 90 1
E 4 91 1
E 4 92 1
E 4 93 1
E 4 94 1
E 4 95 1
E 4 96 1
E 4 97 1
E 4 98 1
E 4 99 1
E 5 0 1
E 5 1 1
E 5 2 1
E 5 3 1
E 5 4 1
E 5 6 1
E 5 7 1
E 5 8 1
E 5 9 1
E 5 10 1
E 5 11 1
E 5 12 1
E 5 13 1
E 5 14 1
E 5 15 1
E 5 16 1
E 5 17 1
E 5 18 1
E 5 19 1
E 5 20 1
E 5 21 1
E 5 22 1
E 5 23 1
E 5 24 1
E 5 25 1
E 5 26 1
E 5 27 1
E 5 28 1
E 5 29 1
E 5 30 1
E 5 31 1
E 5 32 1
E 5 33 1
E 5 34 1
E 5 35 1
E 5 36 1
E 5 37 1
E 5 38 1
E 5 39 1
E 5 40 1
E 5 41 1
E 5 42 1
E 5 43 1
E 5 44 1
E 5 45 1
E 5 46 1
E 5 47 1
E 5 48 1
E 5 49 1
E 5 50 1
E 5 51 1
E 5 52 1
E 5 53 1
E 5 54 1
E 5 55 1
E 5 56 1
E 5 57 1
E 5 58 1
E 5 59 1
E 5 60 1
E 5 61 1
E 5 62 1
E 5 63 1
E 5 64 1
E 5 65 1
E 5 66 1
E 5 67 1
E 5 68 1
E 5 69 1
E 5 70 1
E 5 71 1
E 5 72 1
E 5 73 1
E 5 74 1
E 5 75 1
E 5 76 1
E 5 77 1
E 5 78 1
E 5 79 1
E 5 80 1
E 5 81 1
E 5 82 1
E 5 83 1
E 5 84 1
E 5 85 1
E 5 86 1
E 5 87 1
E 5 88 1
E 5 89 1
E 5 90 1
E 5 91 1
E 5 92 1
E 5 93 1
E 5 94 1
E 5 95 1
E 5 96 1
E 5 97 1
E 5 98 1
E 5 99 1
E 6 0 1
E 6 1 1
E 6 2 1
E 6 3 1
E 6 4 1
E 6 5 1
E 6 7 1
E 6 8 1
E 6 9 1
E 6 10 1
E 6 11 1
E 6 12 1
E 6 13 1
E 6 14 1
E 6 15 1
E 6 16 1
E 6 17 1
E 6 18 1
E 6 19 1
E 6 20 1
E 6 21 1
E 6 22 1
E 6 23 1
E 6 24 1
E 6 25 1
E 6 26 1
E 6 27 1
E 6 28 1
E 6 29 1
E 6 30 1
E 6 31 1
E 6 32 1
E 6 33 1
E 6 34 1
E 6 35 1
E 6 36 1
E 6 37 1
E 6 38 1
E 6 39 1
E 6 40 1
E 6 41 1
E 6 42 1
E 6 43 1
E 6 44 1
E 6 45 1
E 6 46 1
E 6 47 1
E 6 48 1
E 6 49 1
E 6 50 1
E 6 51 1
E 6 52 1
E 6 53 1
E 6 54 1
E 6 55 1
E 6 56 1
E 6 57 1
E 6 58 1
E 6 59 1
E 6 60 1
E 6 61 1
E 6 62 1
E 6 63 1
E 6 64 1
E 6 65 1
E 6 66 1
E 6 67 1
E 6 68 1
E 6 69 1
E 6 70 1
E 6 71 1
E 6 72 1
E 6 73 1
E 6 74 1
E 6 75 1
E 6 76 1
E 6 77 1
E 6 78 1
E 6 79 1
E 6 80 1
E 6 81 1
E 6 82 1
E 6 83 1
E 6 84 1
E 6 85 1
E 6 86 1
E 6 87 1
E 6 88 1
E 6 89 1
E 6 90 1
E 6 91 1
E 6 92 1
E 6 93 1
E 6 94 1
E 6 95 1
E 6 96 1
E 6 97 1
E 6 98 1
E 6 99 1
E 7 0 1
E 7 1 1
E 7 2 1
E 7 3 1
E 7 4 1
E 7 5 1
E 7 6 1
E 7 8 1
E 7 9 1
E 7 10 1
E 7 11 1
E 7 12 1
E 7 13 1
E 7 14 1
E 7 15 1
E 7 16 1
E 7 17 1
E 7 18 1
E 7 19 1
E 7 20 1
E 7 21 1
E 7 22 1
E 7 23 1
E 7 24 1
E 7 25 1
E 7 26 1
E 7 27 1
E 7 28 1
E 7 29 1
E 7 30 1
E 7 31 1
E 7 32 1
E 7 33 1
E 7 34 1
E 7 35 1
E 7 36 1
E 7 37 1
E 7 38 1
E 7 39 1
E 7 40 1
E 7 41 1
E 7 42 1
E 7 43 1
E 7 44 1
E 7 45 1
E 7 46 1
E 7 47 1
E 7 48 1
E 7 49 1
E 7 50 1
E 7 51 1
E 7 52 1
E 7 53 1
E 7 54 1
E 7 55 1
E 7 56 1
E 7 57 1
E 7 58 1
E 7 59 1
E 7 60 1
E 7 61 1
E 7 62 1
E 7 63 1
E 7 64 1
E 7 65 1
E 7 66 1
E 7 67 1
E 7 68 1
E 7 69 1
E 7 70 1
E 7 71 1
E 7 72 1
E 7 73 1
E 7 74 1
E 7 75 1
E 7 76 1
E 7 77 1
E 7 78 1
E 7 79 1
E 7 80 1
E 7 81 1
E 7 82 1
E 7 83 1
E 7 84 1
E 7 85 1
E 7 86 1
E 7 87 1
E 7 88 1
E 7 89 1
E 7 90 1
E 7 91 1
E 7 92 1
E 7 93 1
E 7 94 1
E 7 95 1
E 7 96 1
E 7 97 1
E 7 98 1
E 7 99 1
E 8 0 1
E 8 1 1
E 8 2 1
E 8 3 1
E 8 4 1
E 8 5 1
E 8 6 1
E 8 7 1
E 8 9 1
E 8 10 1
E 8 11 1
E 8 12 1
E 8 13 1
E 8 14 1
E 8 15 1
E 8 16 1
E 8 17 1
E 8 18 1
E 8 19 1
E 8 20 1
E 8 21 1
E 8 22 1
E 8 23 1
E 8 24 1
E 8 25 1
E 8 26 1
E 8 27 1
E 8 28 1
E 8 29 1
E 8 30 1
E 8 31 1
E 8 32 1
E 8 33 1
E 8 34 1
E 8 35 1
E 8 36 1
E 8 37 1
E 8 38 1
E 8 39 1
E 8 40 1
E 8 41 1
E 8 42 1
E 8 43 1
E 8 44 1
E 8 45 1
E 8 46 1
E 8 47 1
E 8 48 1
E 8 49 1
E 8 50 1
E 8 51 1
E 8 52 1
E 8 53 1
E 8 54 1
E 8 55 1
E 8 56 1
E 8 57 1
E 8 58 1
E 8 59 1
E 8 60 1
E 8 61 1
E 8 62 1
E 8 63 1
E 8 64 1
E 8 65 1
E 8 66 1
E 8 67 1
E 8 68 1
E 8 69 1
E 8 70 1
E 8 71 1
E 8 72 1
E 8 73 1
E 8 74 1
E 8 75 1
E 8 76 1
E 8 77 1
E 8 78 1
E 8 79 1
E 8 80 1
E 8 81 1
E 8 82 1
E 8 83 1
E 8 84 1
E 8 85 1
E 8 86 1
E 8 87 1
E 8 88 1
E 8 89 1
E 8 90 1
E 8 91 1
E 8 92 1
E 8 93 1
E 8 94 1
E 8 95 1
E 8 96 1
E 8 97 1
E 8 98 1
E 8 99 1
E 9 0 1
E 9 1 1
E 9 2 1
E 9 3 1
E 9 4 1
E 9 5 1
E 9 6 1
E 9 7 1
E 9 8 1
E 9 10 1
E 9 11 1
E 9 12 1
E 9 13 1
E 9 14 1
E 9 15 1
E 9 16 1
E 9 17 1
E 9 18 1
E 9 19 1
E 9 20 1
E 9 21 1
E 9 22 1
E 9 23 1
E 9 24 1
E 9 25 1
E 9 26 1
E 9 27 1
E 9 28 1
E 9 29 1
E 9 30 1
E 9 31 1
E 9 32 1
E 9 33 1
E 9 34 1
E 9 35 1
E 9 36 1
E 9 37 1
E 9 38 1
E 9 39 1
E 9 40 1
E 9 41 1
E 9 42 1
E 9 43 1
E 9 44 1
E 9 45 1
E 9 46 1
E 9 47 1
E 9 48 1
E 9 49 1
E 9 50 1
E 9 51 1
E 9 52 1
E 9 53 1
E 9 54 1
E 9 55 1
E 9 56 1
E 9 57 1
E 9 58 1
E 9 59 1
E 9 60 1
E 9 61 1
E 9 62 1
E 9 63 1
E 9 64 1
E 9 65 1
E 9 66 1
E 9 67 1
E 9 68 1
E 9 69 1
E 9 70 1
E 9 71 1
E 9 72 1
E 9 73 1
E 9 74 1
E 9 75 1
E 9 76 1
E 9 77 1
E 9 78 1
E 9 79 1
E 9 80 1
E 9 81 1
E 9 82 1
E 9 83 1
E 9 84 1
E 9 85 1
E 9 86 1
E 9 87 1
E 9 88 1
E 9 89 1
E 9 90 1
E 9 91 1
E 9 92 1
E 9 93 1
E 9 94 1
E 9 95 1
E 9 96 1
E 9 97 1
E 9 98 1
E 9 99 1
E 10 0 1
E 10 1 1
E 10 2 1
E 10 3 1
E 10 4 1
E 10 5 1
E 10 6 1
E 10 7 1
E 10 8 1
E 10 9 1
E 10 11 1
E 10 12 1
E 10 13 1
E 10 14 1
E 10 15 1
E 10 16 1
E 10 17 1
E 10 18 1
E 10 19 1
E 10 20 1
E 10 21 1
E 10 22 1
E 10 23 1
E 10 24 1
E 10 25 1
E 10 26 1
E 10 27 1
E 10 28 1
E 10 29 1
E 10 30 1
E 10 31 1
E 10 32 1
E 10 33 1
E 10 34 1
E 10 35 1
E 10 36 1
E 10 37 1
E 10 38 1
E 10 39 1
E 10 40 1
E 10 41 1
E 10 42 1
E 10 43 1
E 10 44 1
E 10 45 1
E 10 46 1
E 10 47 1
E 10 48 1
E 10 49 1
E 10 50 1
E 10 51 1
E 10 52 1
E 10 53 1
E 10 54 1
E 10 55 1
E 10 56 1
E 10 57 1
E 10 58 1
E 10 59 1
E 10 60 1
E 10 61 1
E 10 62 1
E 10 63 1
E 10 64 1
E 10 65 1
E 10 66 1
E 10 67 1
E 10 68 1
E 10 69 1
E 10 70 1
E 10 71 1
E 10 72 1
E 10 73 1
E 10 74 1
E 10 75 1
E 10 76 1
E 10 77 1
E 10 78 1
E 10 79 1
E 10 80 1
E 10 81 1
E 10 82 1
E 10 83 1
E 10 84 1
E 10 85 1
E 10 86 1
E 10 87 1
E 10 88 1
E 10 89 1
E 10 90 1
E 10 91 1
E 10 92 1
E 10 93 1
E 10 94 1
E 10 95 1
E 10 96 1
E 10 97 1
E 10 98 1
E 10 99 1
E 11 0 1
E 11 1 1
E 11 2 1
E 11 3 1
E 11 4 1
E 11 5 1
E 11 6 1
E 11 7 1
E 11 8 1
E 11 9 1
E 11 10 1
E 11 12 1
E 11 13 1
E 11 14 1
E 11 15 1
E 11 16 1
E 11 17 1
E 11 18 1
E 11 19 1
E 11 20 1
E 11 21 1
E 11 22 1
E 11 23 1
E 11 24 1
E 11 25 1
E 11 26 1
E 11 27 1
E 11 28 1
E 11 29 1
E 11 30 1
E 11 31 1
E 11 32 1
E 11 33 1
E 11 34 1
E 11 35 1
E 11 36 1
E 11 37 1
E 11 38 1
E 11 39 1
E 11 40 1
E 11 41 1
E 11 42 1
E 11 43 1
E 11 44 1
E 11 45 1
E 11 46 1
E 11 47 1
E 11 48 1
E 11 49 1
E 11 50 1
E 11 51 1
E 11 52 1
E 11 53 1
E 11 54 1
E 11 55 1
E 11 56 1
E 11 57 1
E 11 58 1
E 11 59 1
E 11 60 1
E 11 61 1
E 11 62 1
E 11 63 1
E 11 64 1
E 11 65 1
E 11 66 1
E 11 67 1
E 11 68 1
E 11 69 1
E 11 70 1
E 11 71 1
E 11 72 1
E 11 73 1
E 11 74 1
E 11 75 1
E 11 76 1
E 11 77 1
E 11 78 1
E 11 79 1
E 11 80 1
E 11 81 1
E 11 82 1
E 11 83 1
E 11 84 1
E 11 85 1
E 11 86 1
E 11 87 1
E 11 88 1
E 11 89 1
E 11 90 1
E 11 91 1
E 11 92 1
E 11 93 1
E 11 94 1
E 11 95 1
E 11 96 1
E 11 97 1
E 11 98 1
E 11 99 1
E 12 0 1
E 12 1 1
E 12 2 1
E 12 3 1
E 12 4 1
E 12 5 1
E 12 6 1
E 12 7 1
E 12 8 1
E 12 9 1
E 12 10 1
E 12 11 1
E 12 13 1
E 12 14 1
E 12 15 1
E 12 16 1
E 12 17 1
E 12 18 1
E 12 19 1
E 12 20 1
E 12 21 1
E 12 22 1
E 12 23 1
E 12 24 1
E 12 25 1
E 12 26 1
E 12 27 1
E 12 28 1
E 12 29 1
E 12 30 1
E 12 31 1
E 12 32 1
E 12 33 1
E 12 34 1
E 12 35 1
E 12 36 1
E 12 37 1
E 12 38 1
E 12 39 1
E 12 40 1
E 12 41 1
E 12 42 1
E 12 43 1
E 12 44 1
E 12 45 1
E 12 46 1
E 12 47 1
E 12 48 1
E 12 49 1
E 12 50 1
E 12 51 1
E 12 52 1
E 12 53 1
E 12 54 1
E 12 55 1
E 12 56 1
E 12 57 1
E 12 58 1
E 12 59 1
E 12 60 1
E 12 61 1
E 12 62 1
E 12 63 1
E 12 64 1
E 12 65 1
E 12 66 1
E 12 67 1
E 12 68 1
E 12 69 1
E 12 70 1
E 12 71 1
E 12 72 1
E 12 73 1
E 12 74 1
E 12 75 1
E 12 76 1
E 12 77 1
E 12 78 1
E 12 79 1
E 12 80 1
E 12 81 1
E 12 82 1
E 12 83 1
E 12 84 1
E 12 85 1
E 12 86 1
E 12 87 1
E 12 88 1
E 12 89 1
E 12 90 1
E 12 91 1
E 12 92 1
E 12 93 1
E 12 94 1
E 12 95 1
E 12 96 1
E 12 97 1
E 12 98 1
E 12 99 1
E 13 0 1
E 13 1 1
E 13 2 1
E 13 3 1
E 13 4 1
E 13 5 1
E 13 6 1
E 13 7 1
E 13 8 1
E 13 9 1
E 13 10 1
E 13 11 1
E 13 12 1
E 13 14 1
E 13 15 1
E 13 16 1
E 13 17 1
E 13 18 1
E 13 19 1
E 13 20 1
E 13 21 1
E 13 22 1
E 13 23 1
E 13 24 1
E 13 25 1
E 13 26 1
E 13 27 1
E 13 28 1
E 13 29 1
E 13 30 1
E 13 31 1
E 13 32 1
E 13 33 1
E 13 34 1
E 13 35 1
E 13 36 1
E 13 37 1
E 13 38 1
E 13 39 1
E 13 40 1
E 13 41 1
E 13 42 1
E 13 43 1
E 13 44 1
E 13 45 1
E 13 46 1
E 13 47 1
E 13 48 1
E 13 49 1
E 13 50 1
E 13 51 1
E 13 52 1
E 13 53 1
E 13 54 1
E 13 55 1
E 13 56 1
E 13 57 1
E 13 58 1
E 13 59 1
E 13 60 1
E 13 61 1
E 13 62 1
E 13 63 1
E 13 64 1
E 13 65 1
E 13 66 1
E 13 67 1
E 13 68 1
E 13 69 1
E 13 70 1
E 13 71 1
E 13 72 1
E 13 73 1
E 13 74 1
E 13 75 1
E 13 76 1
E 13 77 1
E 13 78 1
E 13 79 1
E 13 80 1
E 13 81 1
E 13 82 1
E 13 83 1
E 13 84 1
E 13 85 1
E 13 86 1
E 13 87 1
E 13 88 1
E 13 89 1
E 13 90 1
E 13 91 1
E 13 92 1
E 13 93 1
E 13 94 1
E 13 95 1
E 13 96 1
E 13 97 1
E 13 98 1
E 13 99 1
E 14 0 1
E 14 1 1
E 14 2 1
E 14 3 1
E 14 4 1
E 14 5 1
E 14 6 1
E 14 7 1
E 14 8 1
E 14 9 1
E 14 10 1
E 14 11 1
E 14 12 1
E 14 13 1
E 14 15 1
E 14 16 1
E 14 17 1
E 14 18 1
E 14 19 1
E 14 20 1
E 14 21 1
E 14 22 1
E 14 23 1
E 14 24 1
E 14 25 1
E 14 26 1
E 14 27 1
E 14 28 1
E 14 29 1
E 14 30 1
E 14 31 1
E 14 32 1
E 14 33 1
E 14 34 1
E 14 35 1
E 14 36 1
E 14 37 1
E 14 38 1
E 14 39 1
E 14 40 1
E 14 41 1
E 14 42 1
E 14 43 1
E 14 44 1
E 14 45 1
E 14 46 1
E 14 47 1
E 14 48 1
E 14 49 1
E 14 50 1
E 14 51 1
E 14 52 1
E 14 53 1
E 14 54 1
E 14 55 1
E 14 56 1
E 14 57 1
E 14 58 1
E 14 59 1
E 14 60 1
E 14 61 1
E 14 62 1
E 14 63 1
E 14 64 1
E 14 65 1
E 14 66 1
E 14 67 1
E 14 68 1
E 14 69 1
E 14 70 1
E 14 71 1
E 14 72 1
E 14 73 1
E 14 74 1
E 14 75 1
E 14 76 1
E 14 77 1
E 14 78 1
E 14 79 1
E 14 80 1
E 14 81 1
E 14 82 1
E 14 83 1
E 14 84 1
E 14 85 1
E 14 86 1
E 14 87 1
E 14 88 1
E 14 89 1
E 14 90 1
E 14 91 1
E 14 92 1
E 14 93 1
E 14 94 1
E 14 95 1
E 14 96 1
E 14 97 1
E 14 98 1
E 14 99 1
E 15 0 1
E 15 1 1
E 15 2 1
E 15 3 1
E 15 4 1
E 15 5 1
E 15 6 1
E 15 7 1
E 15 8 1
E 15 9 1
E 15 10 1
E 15 11 1
E 15 12 1
E 15 13 1
E 15 14 1
E 15 16 1
E 15 17 1
E 15 18 1
E 15 19 1
E 15 20 1
E 15 21 1
E 15 22 1
E 15 23 1
E 15 24 1
E 15 25 1
E 15 26 1
E 15 27 1
E 15 28 1
E 15 29 1
E 15 30 1
E 15 31 1
E 15 32 1
E 15 33 1
E 15 34 1
E 15 35 1
E 15 36 1
E 15 37 1
E 15 38 1
E 15 39 1
E 15 40 1
E 15 41 1
E 15 42 1
E 15 43 1
E 15 44 1
E 15 45 1
E 15 46 1
E 15 47 1
E 15 48 1
E 15 49 1
E 15 50 1
E 15 51 1
E 15 52 1
E 15 53 1
E 15 54 1
E 15 55 1
E 15 56 1
E 15 57 1
E 15 58 1
E 15 59 1
E 15 60 1
E 15 61 1
E 15 62 1
E 15 63 1
E 15 64 1
E 15 65 1
E 15 66 1
E 15 67 1
E 15 68 1
E 15 69 1
E 15 70 1
E 15 71 1
E 15 72 1
E 15 73 1
E 15 74 1
E 15 75 1
E 15 76 1
E 15 77 1
E 15 78 1
E 15 79 1
E 15 80 1
E 15 81 1
E 15 82 1
E 15 83 1
E 15 84 1
E 15 85 1
E 15 86 1
E 15 87 1
E 15 88 1
E 15 89 1
E 15 90 1
E 15 91 1
E 15 92 1
E 15 93 1
E 15 94 1
E 15 95 1
E 15 96 1
E 15 97 1
E 15 98 1
E 15 99 1
E 16 0 1
E 16 1 1
E 16 2 1
E 16 3 1
E 16 4 1
E 16 5 1
E 16 6 1
E 16 7 1
E 16 8 1
E 16 9 1
E 16 10 1
E 16 11 1
E 16 12 1
E 16 13 1
E 16 14 1
E 16 15 1
E 16 17 1
E 16 18 1
E 16 19 1
E 16 20 1
E 16 21 1
E 16 22 1
E 16 23 1
E 16 24 1
E 16 25 1
E 16 26 1
E 16 27 1
E 16 28 1
E 16 29 1
E 16 30 1
E 16 31 1
E 16 32 1
E 16 33 1
E 16 34 1
E 16 35 1
E 16 36 1
E 16 37 1
E 16 38 1
E 16 39 1
E 16 40 1
E 16 41 1
E 16 42 1
E 16 43 1
E 16 44 1
E 16 45 1
E 16 46 1
E 16 47 1
E 16 48 1
E 16 49 1
E 16 50 1
E 16 51 1
E 16 52 1
E 16 53 1
E 16 54 1
E 16 55 1
E 16 56 1
E 16 57 1
E 16 58 1
E 16 59 1
E 16 60 1
E 16 61 1
E 16 62 1
E 16 63 1
E 16 64 1
E 16 65 1
E 16 66 1
E 16 67 1
E 16 68 1
E 16 69 1
E 16 70 1
E 16 71 1
E 16 72 1
E 16 73 1
E 16 74 1
E 16 75 1
E 16 76 1
E 16 77 1
E 16 78 1
E 16 79 1
E 16 80 1
E 16 81 1
E 16 82 1
E 16 83 1
E 16 84 1
E 16 85 1
E 16 86 1
E 16 87 1
E 16 88 1
E 16 89 1
E 16 90 1
E 16 91 1
E 16 92 1
E 16 93 1
E 16 94 1
E 16 95 1
E 16 96 1
E 16 97 1
E 16 98 1
E 16 99 1
E 17 0 1
E 17 1 1
E 17 2 1
E 17 3 1
E 17 4 1
E 17 5 1
E 17 6 1
E 17 7 1
E 17 8 1
E 17 9 1
E 17 10 1
E 17 11 1
E 17 12 1
E 17 13 1
E 17 14 1
E 17 15 1
E 17 16 1
E 17 18 1
E 17 19 1
E 17 20 1
E 17 21 1
E 17 22 1
E 17 23 1
E 17 24 1
E 17 25 1
E 17 26 1
E 17 27 1
E 17 28 1
E 17 29 1
E 17 30 1
E 17 31 1
E 17 32 1
E 17 33 1
E 17 34 1
E 17 35 1
E 17 36 1
E 17 37 1
E 17 38 1
E 17 39 1
E 17 40 1
E 17 41 1
E 17 42 1
E 17 43 1
E 17 44 1
E 17 45 1
E 17 46 1
E 17 47 1
E 17 48 1
E 17 49 1
E 17 50 1
E 17 51 1
E 17 52 1
E 17 53 1
E 17 54 1
E 17 55 1
E 17 56 1
E 17 57 1
E 17 58 1
E 17 59 1
E 17 60 1
E 17 61 1
E 17 62 1
E 17 63 1
E 17 64 1
E 17 65 1
E 17 66 1
E 17 67 1
E 17 68 1
E 17 69 1
E 17 70 1
E 17 71 1
E 17 72 1
E 17 73 1
E 17 74 1
E 17 75 1
E 17 76 1
E 17 77 1
E 17 78 1
E 17 79 1
E 17 80 1
E 17 81 1
E 17 82 1
E 17 83 1
E 17 84 1
E 17 85 1
E 17 86 1
E 17 87 1
E 17 88 1
E 17 89 1
E 17 90 1
E 17 91 1
E 17 92 1
E 17 93 1
E 17 94 1
E 17 95 1
E 17 96 1
E 17 97 1
E 17 98 1
E 17 99 1
E 18 0 1
E 18 1 1
E 18 2 1
E 18 3 1
E 18 4 1
E 18 5 1
E 18 6 1
E 18 7 1
E 18 8 1
E 18 9 1
E 18 10 1
E 18 11 1
E 18 12 1
E 18 13 1
E 18 14 1
E 18 15 1
E 18 16 1
E 18 17 1
E 18 19 1
E 18 20 1
E 18 21 1
E 18 22 1
E 18 23 1
E 18 24 1
E 18 25 1
E 18 26 1
E 18 27 1
E 18 28 1
E 18 29 1
E 18 30 1
E 18 31 1
E 18 32 1
E 18 33 1
E 18 34 1
E 18 35 1
E 18 36 1
E 18 37 1
E 18 38 1
E 18 39 1
E 18 40 1
E 18 41 1
E 18 42 1
E 18 43 1
E 18 44 1
E 18 45 1
E 18 46 1
E 18 47 1
E 18 48 1
E 18 49 1
E 18 50 1
E 18 51 1
E 18 52 1
E 18 53 1
E 18 54 1
E 18 55 1
E 18 56 1
E 18 57 1
E 18 58 1
E 18 59 1
E 18 60 1
E 18 61 1
E 18 62 1
E 18 63 1
E 18 64 1
E 18 65 1
E 18 66 1
E 18 67 1
E 18 68 1
E 18 69 1
E 18 70 1
E 18 71 1
E 18 72 1
E 18 73 1
E 18 74 1
E 18 75 1
E 18 76 1
E 18 77 1
E 18 78 1
E 18 79 1
E 18 80 1
E 18 81 1
E 18 82 1
E 18 83 1
E 18 84 1
E 18 85 1
E 18 86 1
E 18 87 1
E 18 88 1
E 18 89 1
E 18 90 1
E 18 91 1
E 18 92 1
E 18 93 1
E 18 94 1
E 18 95 1
E 18 96 1
E 18 97 1
E 18 98 1
E 18 99 1
E 19 0 1
E 19 1 1
E 19 2 1
E 19 3 1
E 19 4 1
E 19 5 1
E 19 6 1
E 19 7 1
E 19 8 1
E 19 9 1
E 19 10 1
E 19 11 1
E 19 12 1
E 19 13 1
E 19 14 1
E 19 15 1
E 19 16 1
E 19 17 1
E 19 18 1
E 19 20 1
E 19 21 1
E 19 22 1
E 19 23 1
E 19 24 1
E 19 25 1
E 19 26 1
E 19 27 1
E 19 28 1
E 19 29 1
E 19 30 1
E 19 31 1
E 19 32 1
E 19 33 1
E 19 34 1
E 19 35 1
E 19 36 1
E 19 37 1
E 19 38 1
E 19 39 1
E 19 40 1
E 19 41 1
E 19 42 1
E 19 43 1
E 19 44 1
E 19 45 1
E 19 46 1
E 19 47 1
E 19 48 1
E 19 49 1
E 19 50 1
E 19 51 1
E 19 52 1
E 19 53 1
E 19 54 1
E 19 55 1
E 19 56 1
E 19 57 1
E 19 58 1
E 19 59 1
E 19 60 1
E 19 61 1
E 19 62 1
E 19 63 1
E 19 64 1
E 19 65 1
E 19 66 1
E 19 67 1
E 19 68 1
E 19 69 1
E 19 70 1
E 19 71 1
E 19 72 1
E 19 73 1
E 19 74 1
E 19 75 1
E 19 76 1
E 19 77 1
E 19 78 1
E 19 79 1
E 19 80 1
E 19 81 1
E 19 82 1
E 19 83 1
E 19 84 1
E 19 85 1
E 19 86 1
E 19 87 1
E 19 88 1
E 19 89 1
E 19 90 1
E 19 91 1
E 19 92 1
E 19 93 1
E 19 94 1
E 19 95 1
E 19 96 1
E 19 97 1
E 19 98 1
E 19 99 1
E 20 0 1
E 20 1 1
E 20 2 1
E 20 3 1
E 20 4 1
E 20 5 1
E 20 6 1
E 20 7 1
E 20 8 1
E 20 9 1
E 20 10 1
E 20 11 1
E 20 12 1
E 20 13 1
E 20 14 1
E 20 15 1
E 20 16 1
E 20 17 1
E 20 18 1
E 20 19 1
E 20 21 1
E 20 22 1
E 20 23 1
E 20 24 1
E 20 25 1
E 20 26 1
E 20 27 1
E 20 28 1
E 20 29 1
E 20 30 1
E 20 31 1
E 20 32 1
E 20 33 1
E 20 34 1
E 20 35 1
E 20 36 1
E 20 37 1
E 20 38 1
E 20 39 1
E 20 40 1
E 20 41 1
E 20 42 1
E 20 43 1
E 20 44 1
E 20 45 1
E 20 46 1
E 20 47 1
E 20 48 1
E 20 49 1
E 20 50 1
E 20 51 1
E 20 52 1
E 20 53 1
E 20 54 1
E 20 55 1
E 20 56 1
E 20 57 1
E 20 58 1
E 20 59 1
E 20 60 1
E 20 61 1
E 20 62 1
E 20 63 1
E 20 64 1
E 20 65 1
E 20 66 1
E 20 67 1
E 20 68 1
E 20 69 1
E 20 70 1
E 20 71 1
E 20 72 1
E 20 73 1
E 20 74 1
E 20 75 1
E 20 76 1
E 20 77 1
E 20 78 1
E 20 79 1
E 20 80 1
E 20 81 1
E 20 82 1
E 20 83 1
E 20 84 1
E 20 85 1
E 20 86 1
E 20 87 1
E 20 88 1
E 20 89 1
E 20 90 1
E 20 91 1
E 20 92 1
E 20 93 1
E 20 94 1
E 20 95 1
E 20 96 1
E 20 97 1
E 20 98 1
E 20 99 1
E 21 0 1
E 21 1 1
E 21 2 1
E 21 3 1
E 21 4 1
E 21 5 1
E 21 6 1
E 21 7 1
E 21 8 1
E 21 9 1
E 21 10 1
E 21 11 1
E 21 12 1
E 21 13 1
E 21 14 1
E 21 15 1
E 21 16 1
E 21 17 1
E 21 18 1
E 21 19 1
E 21 20 1
E 21 22 1
E 21 23 1
E 21 24 1
E 21 25 1
E 21 26 1
E 21 27 1
E 21 28 1
E 21 29 1
E 21 30 1
E 21 31 1
E 21 32 1
E 21 33 1
E 21 34 1
E 21 35 1
E 21 36 1
E 21 37 1
E 21 38 1
E 21 39 1
E 21 40 1
E 21 41 1
E 21 42 1
E 21 43 1
E 21 44 1
E 21 45 1
E 21 46 1
E 21 47 1
E 21 48 1
E 21 49 1
E 21 50 1
E 21 51 1
E 21 52 1
E 21 53 1
E 21 54 1
E 21 55 1
E 21 56 1
E 21 57 1
E 21 58 1
E 21 59 1
E 21 60 1
E 21 61 1
E 21 62 1
E 21 63 1
E 21 64 1
E 21 65 1
E 21 66 1
E 21 67 1
E 21 68 1
E 21 69 1
E 21 70 1
E 21 71 1
E 21 72 1
E 21 73 1
E 21 74 1
E 21 75 1
E 21 76 1
E 21 77 1
E 21 78 1
E 21 79 1
E 21 80 1
E 21 81 1
E 21 82 1
E 21 83 1
E 21 84 1
E 21 85 1
E 21 86 1
E 21 87 1
E 21 88 1
E 21 89 1
E 21 90 1
E 21 91 1
E 21 92 1
E 21 93 1
E 21 94 1
E 21 95 1
E 21 96 1
E 21 97 1
E 21 98 1
E 21 99 1
E 22 0 1
E 22 1 1
E 22 2 1
E 22 3 1
E 22 4 1
E 22 5 1
E 22 6 1
E 22 7 1
E 22 8 1
E 22 9 1
E 22 10 1
E 22 11 1
E 22 12 1
E 22 13 1
E 22 14 1
E 22 15 1
E 22 16 1
E 22 17 1
E 22 18 1
E 22 19 1
E 22 20 1
E 22 21 1
E 22 23 1
E 22 24 1
E 22 25 1
E 22 26 1
E 22 27 1
E 22 28 1
E 22 29 1
E 22 30 1
E 22 31 1
E 22 32 1
E 22 33 1
E 22 34 1
E 22 35 1
E 22 36 1
E 22 37 1
E 22 38 1
E 22 39 1
E 22 40 1
E 22 41 1
E 22 42 1
E 22 43 1
E 22 44 1
E 22 45 1
E 22 46 1
E 22 47 1
E 22 48 1
E 22 49 1
E 22 50 1
E 22 51 1
E 22 52 1
E 22 53 1
E 22 54 1
E 22 55 1
E 22 56 1
E 22 57 1
E 22 58 1
E 22 59 1
E 22 60 1
E 22 61 1
E 22 62 1
E 22 63 1
E 22 64 1
E 22 65 1
E 22 66 1
E 22 67 1
E 22 68 1
E 22 69 1
E 22 70 1
E 22 71 1
E 22 72 1
E 22 73 1
E 22 74 1
E 22 75 1
E 22 76 1
E 22 77 1
E 22 78 1
E 22 79 1
E 22 80 1
E 22 81 1
E 22 82 1
E 22 83 1
E 22 84 1
E 22 85 1
E 22 86 1
E 22 87 1
E 22 88 1
E 22 89 1
E 22 90 1
E 22 91 1
E 22 92 1
E 22 93 1
E 22 94 1
E 22 95 1
E 22 96 1
E 22 97 1
E 22 98 1
E 22 99 1
E 23 0 1
E 23 1 1
E 23 2 1
E 23 3 1
E 23 4 1
E 23 5 1
E 23 6 1
E 23 7 1
E 23 8 1
E 23 9 1
E 23 10 1
E 23 11 1
E 23 12 1
E 23 13 1
E 23 14 1
E 23 15 1
E 23 16 1
E 23 17 1
E 23 18 1
E 23 19 1
E 23 20 1
E 23 21 1
E 23 22 1
E 23 24 1
E 23 25 1
E 23 26 1
E 23 27 1
E 23 28 1
E 23 29 1
E 23 30 1
E 23 31 1
E 23 32 1
E 23 33 1
E 23 34 1
E 23 35 1
E 23 36 1
E 23 37 1
E 23 38 1
E 23 39 1
E 23 40 1
E 23 41 1
E 23 42 1
E 23 43 1
E 23 44 1
E 23 45 1
E 23 46 1
E 23 47 1
E 23 48 1
E 23 49 1
E 23 50 1
E 23 51 1
E 23 52 1
E 23 53 1
E 23 54 1
E 23 55 1
E 23 56 1
E 23 57 1
E 23 58 1
E 23 59 1
E 23 60 1
E 23 61 1
E 23 62 1
E 23 63 1
E 23 64 1
E 23 65 1
E 23 66 1
E 23 67 1
E 23 68 1
E 23 69 1
E 23 70 1
E 23 71 1
E 23 72 1
E 23 73 1
E 23 74 1
E 23 75 1
E 23 76 1
E 23 77 1
E 23 78 1
E 23 79 1
E 23 80 1
E 23 81 1
E 23 82 1
E 23 83 1
E 23 84 1
E 23 85 1
E 23 86 1
E 23 87 1
E 23 88 1
E 23 89 1
E 23 90 1
E 23 91 1
E 23 92 1
E 23 93 1
E 23 94 1
E 23 95 1
E 23 96 1
E 23 97 1
E 23 98 1
E 23 99 1
E 24 0 1
E 24 1 1
E 24 2 1
E 24 3 1
E 24 4 1
E 24 5 1
E 24 6 1
E 24 7 1
E 24 8 1
E 24 9 1
E 24 10 1
E 24 11 1
E 24 12 1
E 24 13 1
E 24 14 1
E 24 15 1
E 24 16 1
E 24 17 1
E 24 18 1
E 24 19 1
E 24 20 1
E 24 21 1
E 24 22 1
E 24 23 1
E 24 25 1
E 24 26 1
E 24 27 1
E 24 28 1
E 24 29 1
E 24 30 1
E 24 31 1
E 24 32 1
E 24 33 1
E 24 34 1
E 24 35 1
E 24 36 1
E 24 37 1
E 24 38 1
E 24 39 1
E 24 40 1
E 24 41 1
E 24 42 1
E 24 43 1
E 24 44 1
E 24 45 1
E 24 46 1
E 24 47 1
E 24 48 1
E 24 49 1
E 24 50 1
E 24 51 1
E 24 52 1
E 24 53 1
E 24 54 1
E 24 55 1
E 24 56 1
E 24 57 1
E 24 58 1
E 24 59 1
E 24 60 1
E 24 61 1
E 24 62 1
E 24 63 1
E 24 64 1
E 24 65 1
E 24 66 1
E 24 67 1
E 24 68 1
E 24 69 1
E 24 70 1
E 24 71 1
E 24 72 1
E 24 73 1
E 24 74 1
E 24 75 1
E 24 76 1
E 24 77 1
E 24 78 1
E 24 79 1
E 24 80 1
E 24 81 1
E 24 82 1
E 24 83 1
E 24 84 1
E 24 85 1
E 24 86 1
E 24 87 1
E 24 88 1
E 24 89 1
E 24 90 1
E 24 91 1
E 24 92 1
E 24 93 1
E 24 94 1
E 24 95 1
E 24 96 1
E 24 97 1
E 24 98 1
E 24 99 1
E 25 0 1
E 25 1 1
E 25 2 1
E 25 3 1
E 25 4 1
E 25 5 1
E 25 6 1
E 25 7 1
E 25 8 1
E 25 9 1
E 25 10 1
E 25 11 1
E 25 12 1
E 25 13 1
E 25 14 1
E 25 15 1
E 25 16 1
E 25 17 1
E 25 18 1
E 25 19 1
E 25 20 1
E 25 21 1
E 25 22 1
E 25 23 1
E 25 24 1
E 25 26 1
E 25 27 1
E 25 28 1
E 25 29 1
E 25 30 1
E 25 31 1
E 25 32 1
E 25 33 1
E 25 34 1
E 25 35 1
E 25 36 1
E 25 37 1
E 25 38 1
E 25 39 1
E 25 40 1
E 25 41 1
E 25 42 1
E 25 43 1
E 25 44 1
E 25 45 1
E 25 46 1
E 25 47 1
E 25 48 1
E 25 49 1
E 25 50 1
E 25 51 1
E 25 52 1
E 25 53 1
E 25 54 1
E 25 55 1
E 25 56 1
E 25 57 1
E 25 58 1
E 25 59 1
E 25 60 1
E 25 61 1
E 25 62 1
E 25 63 1
E 25 64 1
E 25 65 1
E 25 66 1
E 25 67 1
E 25 68 1
E 25 69 1
E 25 70 1
E 25 71 1
E 25 72 1
E 25 73 1
E 25 74 1
E 25 75 1
E 25 76 1
E 25 77 1
E 25 78 1
E 25 79 1
E 25 80 1
E 25 81 1
E 25 82 1
E 25 83 1
E 25 84 1
E 25 85 1
E 25 86 1
E 25 87 1
E 25 88 1
E 25 89 1
E 25 90 1
E 25 91 1
E 25 92 1
E 25 93 1
E 25 94 1
E 25 95 1
E 25 96 1
E 25 97 1
E 25 98 1
E 25 99 1
E 26 0 1
E 26 1 1
E 26 2 1
E 26 3 1
E 26 4 1
E 26 5 1
E 26 6 1
E 26 7 1
E 26 8 1
E 26 9 1
E 26 10 1
E 26 11 1
E 26 12 1
E 26 13 1
E 26 14 1
E 26 15 1
E 26 16 1
E 26 17 1
E 26 18 1
E 26 19 1
E 26 20 1
E 26 21 1
E 26 22 1
E 26 23 1
E 26 24 1
E 26 25 1
E 26 27 1
E 26 28 1
E 26 29 1
E 26 30 1
E 26 31 1
E 26 32 1
E 26 33 1
E 26 34 1
E 26 35 1
E 26 36 1
E 26 37 1
E 26 38 1
E 26 39 1
E 26 40 1
E 26 41 1
E 26 42 1
E 26 43 1
E 26 44 1
E 26 45 1
E 26 46 1
E 26 47 1
E 26 48 1
E 26 49 1
E 26 50 1
E 26 51 1
E 26 52 1
E 26 53 1
E 26 54 1
E 26 55 1
E 26 56 1
E 26 57 1
E 26 58 1
E 26 59 1
E 26 60 1
E 26 61 1
E 26 62 1
E 26 63 1
E 26 64 1
E 26 65 1
E 26 66 1
E 26 67 1
E 26 68 1
E 26 69 1
E 26 70 1
E 26 71 1
E 26 72 1
E 26 73 1
E 26 74 1
E 26 75 1
E 26 76 1
E 26 77 1
E 26 78 1
E 26 79 1
E 26 80 1
E 26 81 1
E 26 82 1
E 26 83 1
E 26 84 1
E 26 85 1
E 26 86 1
E 26 87 1
E 26 88 1
E 26 89 1
E 26 90 1
E 26 91 1
E 26 92 1
E 26 93 1
E 26 94 1
E 26 95 1
E 26 96 1
E 26 97 1
E 26 98 1
E 26 99 1
E 27 0 1
E 27 1 1
E 27 2 1
E 27 3 1
E 27 4 1
E 27 5 1
E 27 6 1
E 27 7 1
E 27 8 1
E 27 9 1
E 27 10 1
E 27 11 1
E 27 12 1
E 27 13 1
E 27 14 1
E 27 15 1
E 27 16 1
E 27 17 1
E 27 18 1
E 27 19 1
E 27 20 1
E 27 21 1
E 27 22 1
E 27 23 1
E 27 24 1
E 27 25 1
E 27 26 1
E 27 28 1
E 27 29 1
E 27 30 1
E 27 31 1
E 27 32 1
E 27 33 1
E 27 34 1
E 27 35 1
E 27 36 1
E 27 37 1
E 27 38 1
E 27 39 1
E 27 40 1
E 27 41 1
E 27 42 1
E 27 43 1
E 27 44 1
E 27 45 1
E 27 46 1
E 27 47 1
E 27 48 1
E 27 49 1
E 27 50 1
E 27 51 1
E 27 52 1
E 27 53 1
E 27 54 1
E 27 55 1
E 27 56 1
E 27 57 1
E 27 58 1
E 27 59 1
E 27 60 1
E 27 61 1
E 27 62 1
E 27 63 1
E 27 64 1
E 27 65 1
E 27 66 1
E 27 67 1
E 27 68 1
E 27 69 1
E 27 70 1
E 27 71 1
E 27 72 1
E 27 73 1
E 27 74 1
E 27 75 1
E 27 76 1
E 27 77 1
E 27 78 1
E 27 79 1
E 27 80 1
E 27 81 1
E 27 82 1
E 27 83 1
E 27 84 1
E 27 85 1
E 27 86 1
E 27 87 1
E 27 88 1
E 27 89 1
E 27 90 1
E 27 91 1
E 27 92 1
E 27 93 1
E 27 94 1
E 27 95 1
E 27 96 1
E 27 97 1
E 27 98 1
E 27 99 1
E 28 0 1
E 28 1 1
E 28 2 1
E 28 3 1
E 28 4 1
E 28 5 1
E 28 6 1
E 28 7 1
E 28 8 1
E 28 9 1
E 28 10 1
E 28 11 1
E 28 12 1
E 28 13 1
E 28 14 1
E 28 15 1
E 28 16 1
E 28 17 1
E 28 18 1
E 28 19 1
E 28 20 1
E 28 21 1
E 28 22 1
E 28 23 1
E 28 24 1
E 28 25 1
E 28 26 1
E 28 27 1
E 28 29 1
E 28 30 1
E 28 31 1
E 28 32 1
E 28 33 1
E 28 34 1
E 28 35 1
E 28 36 1
E 28 37 1
E 28 38 1
E 28 39 1
E 28 40 1
E 28 41 1
E 28 42 1
E 28 43 1
E 28 44 1
E 28 45 1
E 28 46 1
E 28 47 1
E 28 48 1
E 28 49 1
E 28 50 1
E 28 51 1
E 28 52 1
E 28 53 1
E 28 54 1
E 28 55 1
E 28 56 1
E 28 57 1
E 28 58 1
E 28 59 1
E 28 60 1
E 28 61 1
E 28 62 1
E 28 63 1
E 28 64 1
E 28 65 1
E 28 66 1
E 28 67 1
E 28 68 1
E 28 69 1
E 28 70 1
E 28 71 1
E 28 72 1
E 28 73 1
E 28 74 1
E 28 75 1
E 28 76 1
E 28 77 1
E 28 78 1
E 28 79 1
E 28 80 1
E 28 81 1
E 28 82 1
E 28 83 1
E 28 84 1
E 28 85 1
E 28 86 1
E 28 87 1
E 28 88 1
E 28 89 1
E 28 90 1
E 28 91 1
E 28 92 1
E 28 93 1
E 28 94 1
E 28 95 1
E 28 96 1
E 28 97 1
E 28 98 1
E 28 99 1
E 29 0 1
E 29 1 1
E 29 2 1
E 29 3 1
E 29 4 1
E 29 5 1
E 29 6 1
E 29 7 1
E 29 8 1
E 29 9 1
E 29 10 1
E 29 11 1
E 29 12 1
E 29 13 1
E 29 14 1
E 29 15 1
E 29 16 1
E 29 17 1
E 29 18 1
E 29 19 1
E 29 20 1
E 29 21 1
E 29 22 1
E 29 23 1
E 29 24 1
E 29 25 1
E 29 26 1
E 29 27 1
E 29 28 1
E 29 30 1
E 29 31 1
E 29 32 1
E 29 33 1
E 29 34 1
E 29 35 1
E 29 36 1
E 29 37 1
E 29 38 1
E 29 39 1
E 29 40 1
E 29 41 1
E 29 42 1
E 29 43 1
E 29 44 1
E 29 45 1
E 29 46 1
E 29 47 1
E 29 48 1
E 29 49 1
E 29 50 1
E 29 51 1
E 29 52 1
E 29 53 1
E 29 54 1
E 29 55 1
E 29 56 1
E 29 57 1
E 29 58 1
E 29 59 1
E 29 60 1
E 29 61 1
E 29 62 1
E 29 63 1
E 29 64 1
E 29 65 1
E 29 66 1
E 29 67 1
E 29 68 1
E 29 69 1
E 29 70 1
E 29 71 1
E 29 72 1
E 29 73 1
E 29 74 1
E 29 75 1
E 29 76 1
E 29 77 1
E 29 78 1
E 29 79 1
E 29 80 1
E 29 81 1
E 29 82 1
E 29 83 1
E 29 84 1
E 29 85 1
E 29 86 1
E 29 87 1
E 29 88 1
E 29 89 1
E 29 90 1
E 29 91 1
E 29 92 1
E 29 93 1
E 29 94 1
E 29 95 1
E 29 96 1
E 29 97 1
E 29 98 1
E 29 99 1
E 30 0 1
E 30 1 1
E 30 2 1
E 30 3 1
E 30 4 1
E 30 5 1
E 30 6 1
E 30 7 1
E 30 8 1
E 30 9 1
E 30 10 1
E 30 11 1
E 30 12 1
E 30 13 1
E 30 14 1
E 30 15 1
E 30 16 1
E 30 17 1
E 30 18 1
E 30 19 1
E 30 20 1
E 30 21 1
E 30 22 1
E 30 23 1
E 30 24 1
E 30 25 1
E 30 26 1
E 30 27 1
E 30 28 1
E 30 29 1
E 30 31 1
E 30 32 1
E 30 33 1
E 30 34 1
E 30 35 1
E 30 36 1
E 30 37 1
E 30 38 1
E 30 39 1
E 30 40 1
E 30 41 1
E 30 42 1
E 30 43 1
E 30 44 1
E 30 45 1
E 30 46 1
E 30 47 1
E 30 48 1
E 30 49 1
E 30 50 1
E 30 51 1
E 30 52 1
E 30 53 1
E 30 54 1
E 30 55 1
E 30 56 1
E 30 57 1
E 30 58 1
E 30 59 1
E 30 60 1
E 30 61 1
E 30 62 1
E 30 63 1
E 30 64 1
E 30 65 1
E 30 66 1
E 30 67 1
E 30 68 1
E 30 69 1
E 30 70 1
E 30 71 1
E 30 72 1
E 30 73 1
E 30 74 1
E 30 75 1
E 30 76 1
E 30 77 1
E 30 78 1
E 30 79 1
E 30 80 1
E 30 81 1
E 30 82 1
E 30 83 1
E 30 84 1
E 30 85 1
E 30 86 1
E 30 87 1
E 30 88 1
E 30 89 1
E 30 90 1
E 30 91 1
E 30 92 1
E 30 93 1
E 30 94 1
E 30 95 1
E 30 96 1
E 30 97 1
E 30 98 1
E 30 99 1
E 31 0 1
E 31 1 1
E 31 2 1
E 31 3 1
E 31 4 1
E 31 5 1
E 31 6 1
E 31 7 1
E 31 8 1
E 31 9 1
E 31 10 1
E 31 11 1
E 31 12 1
E 31 13 1
E 31 14 1
E 31 15 1
E 31 16 1
E 31 17 1
E 31 18 1
E 31 19 1
E 31 20 1
E 31 21 1
E 31 22 1
E 31 23 1
E 31 24 1
E 31 25 1
E 31 26 1
E 31 27 1
E 31 28 1
E 31 29 1
E 31 30 1
E 31 32 1
E 31 33 1
E 31 34 1
E 31 35 1
E 31 36 1
E 31 37 1
E 31 38 1
E 31 39 1
E 31 40 1
E 31 41 1
E 31 42 1
E 31 43 1
E 31 44 1
E 31 45 1
E 31 46 1
E 31 47 1
E 31 48 1
E 31 49 1
E 31 50 1
E 31 51 1
E 31 52 1
E 31 53 1
E 31 54 1
E 31 55 1
E 31 56 1
E 31 57 1
E 31 58 1
E 31 59 1
E 31 60 1
E 31 61 1
E 31 62 1
E 31 63 1
E 31 64 1
E 31 65 1
E 31 66 1
E 31 67 1
E 31 68 1
E 31 69 1
E 31 70 1
E 31 71 1
E 31 72 1
E 31 73 1
E 31 74 1
E 31 75 1
E 31 76 1
E 31 77 1
E 31 78 1
E 31 79 1
E 31 80 1
E 31 81 1
E 31 82 1
E 31 83 1
E 31 84 1
E 31 85 1
E 31 86 1
E 31 87 1
E 31 88 1
E 31 89 1
E 31 90 1
E 31 91 1
E 31 92 1
E 31 93 1
E 31 94 1
E 31 95 1
E 31 96 1
E 31 97 1
E 31 98 1
E 31 99 1
E 32 0 1
E 32 1 1
E 32 2 1
E 32 3 1
E 32 4 1
E 32 5 1
E 32 6 1
E 32 7 1
E 32 8 1
E 32 9 1
E 32 10 1
E 32 11 1
E 32 12 1
E 32 13 1
E 32 14 1
E 32 15 1
E 32 16 1
E 32 17 1
E 32 18 1
E 32 19 1
E 32 20 1
E 32 21 1
E 32 22 1
E 32 23 1
E 32 24 1
E 32 25 1
E 32 26 1
E 32 27 1
E 32 28 1
E 32 29 1
E 32 30 1
E 32 31 1
E 32 33 1
E 32 34 1
E 32 35 1
E 32 36 1
E 32 37 1
E 32 38 1
E 32 39 1
E 32 40 1
E 32 41 1
E 32 42 1
E 32 43 1
E 32 44 1
E 32 45 1
E 32 46 1
E 32 47 1
E 32 48 1
E 32 49 1
E 32 50 1
E 32 51 1
E 32 52 1
E 32 53 1
E 32 54 1
E 32 55 1
E 32 56 1
E 32 57 1
E 32 58 1
E 32 59 1
E 32 60 1
E 32 61 1
E 32 62 1
E 32 63 1
E 32 64 1
E 32 65 1
E 32 66 1
E 32 67 1
E 32 68 1
E 32 69 1
E 32 70 1
E 32 71 1
E 32 72 1
E 32 73 1
E 32 74 1
E 32 75 1
E 32 76 1
E 32 77 1
E 32 78 1
E 32 79 1
E 32 80 1
E 32 81 1
E 32 82 1
E 32 83 1
E 32 84 1
E 32 85 1
E 32 86 1
E 32 87 1
E 32 88 1
E 32 89 1
E 32 90 1
E 32 91 1
E 32 92 1
E 32 93 1
E 32 94 1
E 32 95 1
E 32 96 1
E 32 97 1
E 32 98 1
E 32 99 1
E 33 0 1
E 33 1 1
E 33 2 1
E 33 3 1
E 33 4 1
E 33 5 1
E 33 6 1
E 33 7 1
E 33 8 1
E 33 9 1
E 33 10 1
E 33 11 1
E 33 12 1
E 33 13 1
E 33 14 1
E 33 15 1
E 33 16 1
E 33 17 1
E 33 18 1
E 33 19 1
E 33 20 1
E 33 21 1
E 33 22 1
E 33 23 1
E 33 24 1
E 33 25 1
E 33 26 1
E 33 27 1
E 33 28 1
E 33 29 1
E 33 30 1
E 33 31 1
E 33 32 1
E 33 34 1
E 33 35 1
E 33 36 1
E 33 37 1
E 33 38 1
E 33 39 1
E 33 40 1
E 33 41 1
E 33 42 1
E 33 43 1
E 33 44 1
E 33 45 1
E 33 46 1
E 33 47 1
E 33 48 1
E 33 49 1
E 33 50 1
E 33 51 1
E 33 52 1
E 33 53 1
E 33 54 1
E 33 55 1
E 33 56 1
E 33 57 1
E 33 58 1
E 33 59 1
E 33 60 1
E 33 61 1
E 33 62 1
E 33 63 1
E 33 64 1
E 33 65 1
E 33 66 1
E 33 67 1
E 33 68 1
E 33 69 1
E 33 70 1
E 33 71 1
E 33 72 1
E 33 73 1
E 33 74 1
E 33 75 1
E 33 76 1
E 33 77 1
E 33 78 1
E 33 79 1
E 33 80 1
E 33 81 1
E 33 82 1
E 33 83 1
E 33 84 1
E 33 85 1
E 33 86 1
E 33 87 1
E 33 88 1
E 33 89 1
E 33 90 1
E 33 91 1
E 33 92 1
E 33 93 1
E 33 94 1
E 33 95 1
E 33 96 1
E 33 97 1
E 33 98 1
E 33 99 1
E 34 0 1
E 34 1 1
E 34 2 1
E 34 3 1
E 34 4 1
E 34 5 1
E 34 6 1
E 34 7 1
E 34 8 1
E 34 9 1
E 34 10 1
E 34 11 1
E 34 12 1
E 34 13 1
E 34 14 1
E 34 15 1
E 34 16 1
E 34 17 1
E 34 18 1
E 34 19 1
E 34 20 1
E 34 21 1
E 34 22 1
E 34 23 1
E 34 24 1
E 34 25 1
E 34 26 1
E 34 27 1
E 34 28 1
E 34 29 1
E 34 30 1
E 34 31 1
E 34 32 1
E 34 33 1
E 34 35 1
E 34 36 1
E 34 37 1
E 34 38 1
E 34 39 1
E 34 40 1
E 34 41 1
E 34 42 1
E 34 43 1
E 34 44 1
E 34 45 1
E 34 46 1
E 34 47 1
E 34 48 1
E 34 49 1
E 34 50 1
E 34 51 1
E 34 52 1
E 34 53 1
E 34 54 1
E 34 55 1
E 34 56 1
E 34 57 1
E 34 58 1
E 34 59 1
E 34 60 1
E 34 61 1
E 34 62 1
E 34 63 1
E 34 64 1
E 34 65 1
E 34 66 1
E 34 67 1
E 34 68 1
E 34 69 1
E 34 70 1
E 34 71 1
E 34 72 1
E 34 73 1
E 34 74 1
E 34 75 1
E 34 76 1
E 34 77 1
E 34 78 1
E 34 79 1
E 34 80 1
E 34 81 1
E 34 82 1
E 34 83 1
E 34 84 1
E 34 85 1
E 34 86 1
E 34 87 1
E 34 88 1
E 34 89 1
E 34 90 1
E 34 91 1
E 34 92 1
E 34 93 1
E 34 94 1
E 34 95 1
E 34 96 1
E 34 97 1
E 34 98 1
E 34 99 1
E 35 0 1
E 35 1 1
E 35 2 1
E 35 3 1
E 35 4 1
E 35 5 1
E 35 6 1
E 35 7 1
E 35 8 1
E 35 9 1
E 35 10 1
E 35 11 1
E 35 12 1
E 35 13 1
E 35 14 1
E 35 15 1
E 35 16 1
E 35 17 1
E 35 18 1
E 35 19 1
E 35 20 1
E 35 21 1
E 35 22 1
E 35 23 1
E 35 24 1
E 35 25 1
E 35 26 1
E 35 27 1
E 35 28 1
E 35 29 1
E 35 30 1
E 35 31 1
E 35 32 1
E 35 33 1
E 35 34 1
E 35 36 1
E 35 37 1
E 35 38 1
E 35 39 1
E 35 40 1
E 35 41 1
E 35 42 1
E 35 43 1
E 35 44 1
E 35 45 1
E 35 46 1
E 35 47 1
E 35 48 1
E 35 49 1
E 35 50 1
E 35 51 1
E 35 52 1
E 35 53 1
E 35 54 1
E 35 55 1
E 35 56 1
E 35 57 1
E 35 58 1
E 35 59 1
E 35 60 1
E 35 61 1
E 35 62 1
E 35 63 1
E 35 64 1
E 35 65 1
E 35 66 1
E 35 67 1
E 35 68 1
E 35 69 1
E 35 70 1
E 35 71 1
E 35 72 1
E 35 73 1
E 35 74 1
E 35 75 1
E 35 76 1
E 35 77 1
E 35 78 1
E 35 79 1
E 35 80 1
E 35 81 1
E 35 82 1
E 35 83 1
E 35 84 1
E 35 85 1
E 35 86 1
E 35 87 1
E 35 88 1
E 35 89 1
E 35 90 1
E 35 91 1
E 35 92 1
E 35 93 1
E 35 94 1
E 35 95 1
E 35 96 1
E 35 97 1
E 35 98 1
E 35 99 1
E 36 0 1
E 36 1 1
E 36 2 1
E 36 3 1
E 36 4 1
E 36 5 1
E 36 6 1
E 36 7 1
E 36 8 1
E 36 9 1
E 36 10 1
E 36 11 1
E 36 12 1
E 36 13 1
E 36 14 1
E 36 15 1
E 36 16 1
E 36 17 1
E 36 18 1
E 36 19 1
E 36 20 1
E 36 21 1
E 36 22 1
E 36 23 1
E 36 24 1
E 36 25 1
E 36 26 1
E 36 27 1
E 36 28 1
E 36 29 1
E 36 30 1
E 36 31 1
E 36 32 1
E 36 33 1
E 36 34 1
E 36 35 1
E 36 37 1
E 36 38 1
E 36 39 1
E 36 40 1
E 36 41 1
E 36 42 1
E 36 43 1
E 36 44 1
E 36 45 1
E 36 46 1
E 36 47 1
E 36 48 1
E 36 49 1
E 36 50 1
E 36 51 1
E 36 52 1
E 36 53 1
E 36 54 1
E 36 55 1
E 36 56 1
E 36 57 1
E 36 58 1
E 36 59 1
E 36 60 1
E 36 61 1
E 36 62 1
E 36 63 1
E 36 64 1
E 36 65 1
E 36 66 1
E 36 67 1
E 36 68 1
E 36 69 1
E 36 70 1
E 36 71 1
E 36 72 1
E 36 73 1
E 36 74 1
E 36 75 1
E 36 76 1
E 36 77 1
E 36 78 1
E 36 79 1
E 36 80 1
E 36 81 1
E 36 82 1
E 36 83 1
E 36 84 1
E 36 85 1
E 36 86 1
E 36 87 1
E 36 88 1
E 36 89 1
E 36 90 1
E 36 91 1
E 36 92 1
E 36 93 1
E 36 94 1
E 36 95 1
E 36 96 1
E 36 97 1
E 36 98 1
E 36 99 1
E 37 0 1
E 37 1 1
E 37 2 1
E 37 3 1
E 37 4 1
E 37 5 1
E 37 6 1
E 37 7 1
E 37 8 1
E 37 9 1
E 37 10 1
E 37 11 1
E 37 12 1
E 37 13 1
E 37 14 1
E 37 15 1
E 37 16 1
E 37 17 1
E 37 18 1
E 37 19 1
E 37 20 1
E 37 21 1
E 37 22 1
E 37 23 1
E 37 24 1
E 37 25 1
E 37 26 1
E 37 27 1
E 37 28 1
E 37 29 1
E 37 30 1
E 37 31 1
E 37 32 1
E 37 33 1
E 37 34 1
E 37 35 1
E 37 36 1
E 37 38 1
E 37 39 1
E 37 40 1
E 37 41 1
E 37 42 1
E 37 43 1
E 37 44 1
E 37 45 1
E 37 46 1
E 37 47 1
E 37 48 1
E 37 49 1
E 37 50 1
E 37 51 1
E 37 52 1
E 37 53 1
E 37 54 1
E 37 55 1
E 37 56 1
E 37 57 1
E 37 58 1
E 37 59 1
E 37 60 1
E 37 61 1
E 37 62 1
E 37 63 1
E 37 64 1
E 37 65 1
E 37 66 1
E 37 67 1
E 37 68 1
E 37 69 1
E 37 70 1
E 37 71 1
E 37 72 1
E 37 73 1
E 37 74 1
E 37 75 1
E 37 76 1
E 37 77 1
E 37 78 1
E 37 79 1
E 37 80 1
E 37 81 1
E 37 82 1
E 37 83 1
E 37 84 1
E 37 85 1
E 37 86 1
E 37 87 1
E 37 88 1
E 37 89 1
E 37 90 1
E 37 91 1
E 37 92 1
E 37 93 1
E 37 94 1
E 37 95 1
E 37 96 1
E 37 97 1
E 37 98 1
E 37 99 1
E 38 0 1
E 38 1 1
E 38 2 1
E 38 3 1
E 38 4 1
E 38 5 1
E 38 6 1
E 38 7 1
E 38 8 1
E 38 9 1
E 38 10 1
E 38 11 1
E 38 12 1
E 38 13 1
E 38 14 1
E 38 15 1
E 38 16 1
E 38 17 1
E 38 18 1
E 38 19 1
E 38 20 1
E 38 21 1
E 38 22 1
E 38 23 1
E 38 24 1
E 38 25 1
E 38 26 1
E 38 27 1
E 38 28 1
E 38 29 1
E 38 30 1
E 38 31 1
E 38 32 1
E 38 33 1
E 38 34 1
E 38 35 1
E 38 36 1
E 38 37 1
E 38 39 1
E 38 40 1
E 38 41 1
E 38 42 1
E 38 43 1
E 38 44 1
E 38 45 1
E 38 46 1
E 38 47 1
E 38 48 1
E 38 49 1
E 38 50 1
E 38 51 1
E 38 52 1
E 38 53 1
E 38 54 1
E 38 55 1
E 38 56 1
E 38 57 1
E 38 58 1
E 38 59 1
E 38 60 1
E 38 61 1
E 38 62 1
E 38 63 1
E 38 64 1
E 38 65 1
E 38 66 1
E 38 67 1
E 38 68 1
E 38 69 1
E 38 70 1
E 38 71 1
E 38 72 1
E 38 73 1
E 38 74 1
E 38 75 1
E 38 76 1
E 38 77 1
E 38 78 1
E 38 79 1
E 38 80 1
E 38 81 1
E 38 82 1
E 38 83 1
E 38 84 1
E 38 85 1
E 38 86 1
E 38 87 1
E 38 88 1
E 38 89 1
E 38 90 1
E 38 91 1
E 38 92 1
E 38 93 1
E 38 94 1
E 38 95 1
E 38 96 1
E 38 97 1
E 38 98 1
E 38 99 1
E 39 0 1
E 39 1 1
E 39 2 1
E 39 3 1
E 39 4 1
E 39 5 1
E 39 6 1
E 39 7 1
E 39 8 1
E 39 9 1
E 39 10 1
E 39 11 1
E 39 12 1
E 39 13 1
E 39 14 1
E 39 15 1
E 39 16 1
E 39 17 1
E 39 18 1
E 39 19 1
E 39 20 1
E 39 21 1
E 39 22 1
E 39 23 1
E 39 24 1
E 39 25 1
E 39 26 1
E 39 27 1
E 39 28 1
E 39 29 1
E 39 30 1
E 39 31 1
E 39 32 1
E 39 33 1
E 39 34 1
E 39 35 1
E 39 36 1
E 39 37 1
E 39 38 1
E 39 40 1
E 39 41 1
E 39 42 1
E 39 43 1
E 39 44 1
E 39 45 1
E 39 46 1
E 39 47 1
E 39 48 1
E 39 49 1
E 39 50 1
E 39 51 1
E 39 52 1
E 39 53 1
E 39 54 1
E 39 55 1
E 39 56 1
E 39 57 1
E 39 58 1
E 39 59 1
E 39 60 1
E 39 61 1
E 39 62 1
E 39 63 1
E 39 64 1
E 39 65 1
E 39 66 1
E 39 67 1
E 39 68 1
E 39 69 1
E 39 70 1
E 39 71 1
E 39 72 1
E 39 73 1
E 39 74 1
E 39 75 1
E 39 76 1
E 39 77 1
E 39 78 1
E 39 79 1
E 39 80 1
E 39 81 1
E 39 82 1
E 39 83 1
E 39 84 1
E 39 85 1
E 39 86 1
E 39 87 1
E 39 88 1
E 39 89 1
E 39 90 1
E 39 91 1
E 39 92 1
E 39 93 1
E 39 94 1
E 39 95 1
E 39 96 1
E 39 97 1
E 39 98 1
E 39 99 1
E 40 0 1
E 40 1 1
E 40 2 1
E 40 3 1
E 40 4 1
E 40 5 1
E 40 6 1
E 40 7 1
E 40 8 1
E 40 9 1
E 40 10 1
E 40 11 1
E 40 12 1
E 40 13 1
E 40 14 1
E 40 15 1
E 40 16 1
E 40 17 1
E 40 18 1
E 40 19 1
E 40 20 1
E 40 21 1
E 40 22 1
E 40 23 1
E 40 24 1
E 40 25 1
E 40 26 1
E 40 27 1
E 40 28 1
E 40 29 1
E 40 30 1
E 40 31 1
E 40 32 1
E 40 33 1
E 40 34 1
E 40 35 1
E 40 36 1
E 40 37 1
E 40 38 1
E 40 39 1
E 40 41 1
E 40 42 1
E 40 43 1
E 40 44 1
E 40 45 1
E 40 46 1
E 40 47 1
E 40 48 1
E 40 49 1
E 40 50 1
E 40 51 1
E 40 52 1
E 40 53 1
E 40 54 1
E 40 55 1
E 40 56 1
E 40 57 1
E 40 58 1
E 40 59 1
E 40 60 1
E 40 61 1
E 40 62 1
E 40 63 1
E 40 64 1
E 40 65 1
E 40 66 1
E 40 67 1
E 40 68 1
E 40 69 1
E 40 70 1
E 40 71 1
E 40 72 1
E 40 73 1
E 40 74 1
E 40 75 1
E 40 76 1
E 40 77 1
E 40 78 1
E 40 79 1
E 40 80 1
E 40 81 1
E 40 82 1
E 40 83 1
E 40 84 1
E 40 85 1
E 40 86 1
E 40 87 1
E 40 88 1
E 40 89 1
E 40 90 1
E 40 91 1
E 40 92 1
E 40 93 1
E 40 94 1
E 40 95 1
E 40 96 1
E 40 97 1
E 40 98 1
E 40 99 1
E 41 0 1
E 41 1 1
E 41 2 1
E 41 3 1
E 41 4 1
E 41 5 1
E 41 6 1
E 41 7 1
E 41 8 1
E 41 9 1
E 41 10 1
E 41 11 1
E 41 12 1
E 41 13 1
E 41 14 1
E 41 15 1
E 41 16 1
E 41 17 1
E 41 18 1
E 41 19 1
E 41 20 1
E 41 21 1
E 41 22 1
E 41 23 1
E 41 24 1
E 41 25 1
E 41 26 1
E 41 27 1
E 41 28 1
E 41 29 1
E 41 30 1
E 41 31 1
E 41 32 1
E 41 33 1
E 41 34 1
E 41 35 1
E 41 36 1
E 41 37 1
E 41 38 1
E 41 39 1
E 41 40 1
E 41 42 1
E 41 43 1
E 41 44 1
E 41 45 1
E 41 46 1
E 41 47 1
E 41 48 1
E 41 49 1
E 41 50 1
E 41 51 1
E 41 52 1
E 41 53 1
E 41 54 1
E 41 55 1
E 41 56 1
E 41 57 1
E 41 58 1
E 41 59 1
E 41 60 1
E 41 61 1
E 41 62 1
E 41 63 1
E 41 64 1
E 41 65 1
E 41 66 1
E 41 67 1
E 41 68 1
E 41 69 1
E 41 70 1
E 41 71 1
E 41 72 1
E 41 73 1
E 41 74 1
E 41 75 1
E 41 76 1
E 41 77 1
E 41 78 1
E 41 79 1
E 41 80 1
E 41 81 1
E 41 82 1
E 41 83 1
E 41 84 1
E 41 85 1
E 41 86 1
E 41 87 1
E 41 88 1
E 41 89 1
E 41 90 1
E 41 91 1
E 41 92 1
E 41 93 1
E 41 94 1
E 41 95 1
E 41 96 1
E 41 97 1
E 41 98 1
E 41 99 1
E 42 0 1
E 42 1 1
E 42 2 1
E 42 3 1
E 42 4 1
E 42 5 1
E 42 6 1
E 42 7 1
E 42 8 1
E 42 9 1
E 42 10 1
E 42 11 1
E 42 12 1
E 42 13 1
E 42 14 1
E 42 15 1
E 42 16 1
E 42 17 1
E 42 18 1
E 42 19 1
E 42 20 1
E 42 21 1
E 42 22 1
E 42 23 1
E 42 24 1
E 42 25 1
E 42 26 1
E 42 27 1
E 42 28 1
E 42 29 1
E 42 30 1
E 42 31 1
E 42 32 1
E 42 33 1
E 42 34 1
E 42 35 1
E 42 36 1
E 42 37 1
E 42 38 1
E 42 39 1
E 42 40 1
E 42 41 1
E 42 43 1
E 42 44 1
E 42 45 1
E 42 46 1
E 42 47 1
E 42 48 1
E 42 49 1
E 42 50 1
E 42 51 1
E 42 52 1
E 42 53 1
E 42 54 1
E 42 55 1
E 42 56 1
E 42 57 1
E 42 58 1
E 42 59 1
E 42 60 1
E 42 61 1
E 42 62 1
E 42 63 1
E 42 64 1
E 42 65 1
E 42 66 1
E 42 67 1
E 42 68 1
E 42 69 1
E 42 70 1
E 42 71 1
E 42 72 1
E 42 73 1
E 42 74 1
E 42 75 1
E 42 76 1
E 42 77 1
E 42 78 1
E 42 79 1
E 42 80 1
E 42 81 1
E 42 82 1
E 42 83 1
E 42 84 1
E 42 85 1
E 42 86 1
E 42 87 1
E 42 88 1
E 42 89 1
E 42 90 1
E 42 91 1
E 42 92 1
E 42 93 1
E 42 94 1
E 42 95 1
E 42 96 1
E 42 97 1
E 42 98 1
E 42 99 1
E 43 0 1
E 43 1 1
E 43 2 1
E 43 3 1
E 43 4 1
E 43 5 1
E 43 6 1
E 43 7 1
E 43 8 1
E 43 9 1
E 43 10 1
E 43 11 1
E 43 12 1
E 43 13 1
E 43 14 1
E 43 15 1
E 43 16 1
E 43 17 1
E 43 18 1
E 43 19 1
E 43 20 1
E 43 21 1
E 43 22 1
E 43 23 1
E 43 24 1
E 43 25 1
E 43 26 1
E 43 27 1
E 43 28 1
E 43 29 1
E 43 30 1
E 43 31 1
E 43 32 1
E 43 33 1
E 43 34 1
E 43 35 1
E 43 36 1
E 43 37 1
E 43 38 1
E 43 39 1
E 43 40 1
E 43 41 1
E 43 42 1
E 43 44 1
E 43 45 1
E 43 46 1
E 43 47 1
E 43 48 1
E 43 49 1
E 43 50 1
E 43 51 1
E 43 52 1
E 43 53 1
E 43 54 1
E 43 55 1
E 43 56 1
E 43 57 1
E 43 58 1
E 43 59 1
E 43 60 1
E 43 61 1
E 43 62 1
E 43 63 1
E 43 64 1
E 43 65 1
E 43 66 1
E 43 67 1
E 43 68 1
E 43 69 1
E 43 70 1
E 43 71 1
E 43 72 1
E 43 73 1
E 43 74 1
E 43 75 1
E 43 76 1
E 43 77 1
E 43 78 1
E 43 79 1
E 43 80 1
E 43 81 1
E 43 82 1
E 43 83 1
E 43 84 1
E 43 85 1
E 43 86 1
E 43 87 1
E 43 88 1
E 43 89 1
E 43 90 1
E 43 91 1
E 43 92 1
E 43 93 1
E 43 94 1
E 43 95 1
E 43 96 1
E 43 97 1
E 43 98 1
E 43 99 1
E 44 0 1
E 44 1 1
E 44 2 1
E 44 3 1
E 44 4 1
E 44 5 1
E 44 6 1
E 44 7 1
E 44 8 1
E 44 9 1
E 44 10 1
E 44 11 1
E 44 12 1
E 44 13 1
E 44 14 1
E 44 15 1
E 44 16 1
E 44 17 1
E 44 18 1
E 44 19 1
E 44 20 1
E 44 21 1
E 44 22 1
E 44 23 1
E 44 24 1
E 44 25 1
E 44 26 1
E 44 27 1
E 44 28 1
E 44 29 1
E 44 30 1
E 44 31 1
E 44 32 1
E 44 33 1
E 44 34 1
E 44 35 1
E 44 36 1
E 44 37 1
E 44 38 1
E 44 39 1
E 44 40 1
E 44 41 1
E 44 42 1
E 44 43 1
E 44 45 1
E 44 46 1
E 44 47 1
E 44 48 1
E 44 49 1
E 44 50 1
E 44 51 1
E 44 52 1
E 44 53 1
E 44 54 1
E 44 55 1
E 44 56 1
E 44 57 1
E 44 58 1
E 44 59 1
E 44 60 1
E 44 61 1
E 44 62 1
E 44 63 1
E 44 64 1
E 44 65 1
E 44 66 1
E 44 67 1
E 44 68 1
E 44 69 1
E 44 70 1
E 44 71 1
E 44 72 1
E 44 73 1
E 44 74 1
E 44 75 1
E 44 76 1
E 44 77 1
E 44 78 1
E 44 79 1
E 44 80 1
E 44 81 1
E 44 82 1
E 44 83 1
E 44 84 1
E 44 85 1
E 44 86 1
E 44 87 1
E 44 88 1
E 44 89 1
E 44 90 1
E 44 91 1
E 44 92 1
E 44 93 1
E 44 94 1
E 44 95 1
E 44 96 1
E 44 97 1
E 44 98 1
E 44 99 1
E 45 0 1
E 45 1 1
E 45 2 1
E 45 3 1
E 45 4 1
E 45 5 1
E 45 6 1
E 45 7 1
E 45 8 1
E 45 9 1
E 45 10 1
E 45 11 1
E 45 12 1
E 45 13 1
E 45 14 1
E 45 15 1
E 45 16 1
E 45 17 1
E 45 18 1
E 45 19 1
E 45 20 1
E 45 21 1
E 45 22 1
E 45 23 1
E 45 24 1
E 45 25 1
E 45 26 1
E 45 27 1
E 45 28 1
E 45 29 1
E 45 30 1
E 45 31 1
E 45 32 1
E 45 33 1
E 45 34 1
E 45 35 1
E 45 36 1
E 45 37 1
E 45 38 1
E 45 39 1
E 45 40 1
E 45 41 1
E 45 42 1
E 45 43 1
E 45 44 1
E 45 46 1
E 45 47 1
E 45 48 1
E 45 49 1
E 45 50 1
E 45 51 1
E 45 52 1
E 45 53 1
E 45 54 1
E 45 55 1
E 45 56 1
E 45 57 1
E 45 58 1
E 45 59 1
E 45 60 1
E 45 61 1
E 45 62 1
E 45 63 1
E 45 64 1
E 45 65 1
E 45 66 1
E 45 67 1
E 45 68 1
E 45 69 1
E 45 70 1
E 45 71 1
E 45 72 1
E 45 73 1
E 45 74 1
E 45 75 1
E 45 76 1
E 45 77 1
E 45 78 1
E 45 79 1
E 45 80 1
E 45 81 1
E 45 82 1
E 45 83 1
E 45 84 1
E 45 85 1
E 45 86 1
E 45 87 1
E 45 88 1
E 45 89 1
E 45 90 1
E 45 91 1
E 45 92 1
E 45 93 1
E 45 94 1
E 45 95 1
E 45 96 1
E 45 97 1
E 45 98 1
E 45 99 1
E 46 0 1
E 46 1 1
E 46 2 1
E 46 3 1
E 46 4 1
E 46 5 1
E 46 6 1
E 46 7 1
E 46 8 1
E 46 9 1
E 46 10 1
E 46 11 1
E 46 12 1
E 46 13 1
E 46 14 1
E 46 15 1
E 46 16 1
E 46 17 1
E 46 18 1
E 46 19 1
E 46 20 1
E 46 21 1
E 46 22 1
E 46 23 1
E 46 24 1
E 46 25 1
E 46 26 1
E 46 27 1
E 46 28 1
E 46 29 1
E 46 30 1
E 46 31 1
E 46 32 1
E 46 33 1
E 46 34 1
E 46 35 1
E 46 36 1
E 46 37 1
E 46 38 1
E 46 39 1
E 46 40 1
E 46 41 1
E 46 42 1
E 46 43 1
E 46 44 1
E 46 45 1
E 46 47 1
E 46 48 1
E 46 49 1
E 46 50 1
E 46 51 1
E 46 52 1
E 46 53 1
E 46 54 1
E 46 55 1
E 46 56 1
E 46 57 1
E 46 58 1
E 46 59 1
E 46 60 1
E 46 61 1
E 46 62 1
E 46 63 1
E 46 64 1
E 46 65 1
E 46 66 1
E 46 67 1
E 46 68 1
E 46 69 1
E 46 70 1
E 46 71 1
E 46 72 1
E 46 73 1
E 46 74 1
E 46 75 1
E 46 76 1
E 46 77 1
E 46 78 1
E 46 79 1
E 46 80 1
E 46 81 1
E 46 82 1
E 46 83 1
E 46 84 1
E 46 85 1
E 46 86 1
E 46 87 1
E 46 88 1
E 46 89 1
E 46 90 1
E 46 91 1
E 46 92 1
E 46 93 1
E 46 94 1
E 46 95 1
E 46 96 1
E 46 97 1
E 46 98 1
E 46 99 1
E 47 0 1
E 47 1 1
E 47 2 1
E 47 3 1
E 47 4 1
E 47 5 1
E 47 6 1
E 47 7 1
E 47 8 1
E 47 9 1
E 47 10 1
E 47 11 1
E 47 12 1
E 47 13 1
E 47 14 1
E 47 15 1
E 47 16 1
E 47 17 1
E 47 18 1
E 47 19 1
E 47 20 1
E 47 21 1
E 47 22 1
E 47 23 1
E 47 24 1
E 47 25 1
E 47 26 1
E 47 27 1
E 47 28 1
E 47 29 1
E 47 30 1
E 47 31 1
E 47 32 1
E 47 33 1
E 47 34 1
E 47 35 1
E 47 36 1
E 47 37 1
E 47 38 1
E 47 39 1
E 47 40 1
E 47 41 1
E 47 42 1
E 47 43 1
E 47 44 1
E 47 45 1
E 47 46 1
E 47 48 1
E 47 49 1
E 47 50 1
E 47 51 1
E 47 52 1
E 47 53 1
E 47 54 1
E 47 55 1
E 47 56 1
E 47 57 1
E 47 58 1
E 47 59 1
E 47 60 1
E 47 61 1
E 47 62 1
E 47 63 1
E 47 64 1
E 47 65 1
E 47 66 1
E 47 67 1
E 47 68 1
E 47 69 1
E 47 70 1
E 47 71 1
E 47 72 1
E 47 73 1
E 47 74 1
E 47 75 1
E 47 76 1
E 47 77 1
E 47 78 1
E 47 79 1
E 47 80 1
E 47 81 1
E 47 82 1
E 47 83 1
E 47 84 1
E 47 85 1
E 47 86 1
E 47 87 1
E 47 88 1
E 47 89 1
E 47 90 1
E 47 91 1
E 47 92 1
E 47 93 1
E 47 94 1
E 47 95 1
E 47 96 1
E 47 97 1
E 47 98 1
E 47 99 1
E 48 0 1
E 48 1 1
E 48 2 1
E 48 3 1
E 48 4 1
E 48 5 1
E 48 6 1
E 48 7 1
E 48 8 1
E 48 9 1
E 48 10 1
E 48 11 1
E 48 12 1
E 48 13 1
E 48 14 1
E 48 15 1
E 48 16 1
E 48 17 1
E 48 18 1
E 48 19 1
E 48 20 1
E 48 21 1
E 48 22 1
E 48 23 1
E 48 24 1
E 48 25 1
E 48 26 1
E 48 27 1
E 48 28 1
E 48 29 1
E 48 30 1
E 48 31 1
E 48 32 1
E 48 33 1
E 48 34 1
E 48 35 1
E 48 36 1
E 48 37 1
E 48 38 1
E 48 39 1
E 48 40 1
E 48 41 1
E 48 42 1
E 48 43 1
E 48 44 1
E 48 45 1
E 48 46 1
E 48 47 1
E 48 49 1
E 48 50 1
E 48 51 1
E 48 52 1
E 48 53 1
E 48 54 1
E 48 55 1
E 48 56 1
E 48 57 1
E 48 58 1
E 48 59 1
E 48 60 1
E 48 61 1
E 48 62 1
E 48 63 1
E 48 64 1
E 48 65 1
E 48 66 1
E 48 67 1
E 48 68 1
E 48 69 1
E 48 70 1
E 48 71 1
E 48 72 1
E 48 73 1
E 48 74 1
E 48 75 1
E 48 76 1
E 48 77 1
E 48 78 1
E 48 79 1
E 48 80 1
E 48 81 1
E 48 82 1
E 48 83 1
E 48 84 1
E 48 85 1
E 48 86 1
E 48 87 1
E 48 88 1
E 48 89 1
E 48 90 1
E 48 91 1
E 48 92 1
E 48 93 1
E 48 94 1
E 48 95 1
E 48 96 1
E 48 97 1
E 48 98 1
E 48 99 1
E 49 0 1
E 49 1 1
E 49 2 1
E 49 3 1
E 49 4 1
E 49 5 1
E 49 6 1
E 49 7 1
E 49 8 1
E 49 9 1
E 49 10 1
E 49 11 1
E 49 12 1
E 49 13 1
E 49 14 1
E 49 15 1
E 49 16 1
E 49 17 1
E 49 18 1
E 49 19 1
E 49 20 1
E 49 21 1
E 49 22 1
E 49 23 1
E 49 24 1
E 49 25 1
E 49 26 1
E 49 27 1
E 49 28 1
E 49 29 1
E 49 30 1
E 49 31 1
E 49 32 1
E 49 33 1
E 49 34 1
E 49 35 1
E 49 36 1
E 49 37 1
E 49 38 1
E 49 39 1
E 49 40 1
E 49 41 1
E 49 42 1
E 49 43 1
E 49 44 1
E 49 45 1
E 49 46 1
E 49 47 1
E 49 48 1
E 49 50 1
E 49 51 1
E 49 52 1
E 49 53 1
E 49 54 1
E 49 55 1
E 49 56 1
E 49 57 1
E 49 58 1
E 49 59 1
E 49 60 1
E 49 61 1
E 49 62 1
E 49 63 1
E 49 64 1
E 49 65 1
E 49 66 1
E 49 67 1
E 49 68 1
E 49 69 1
E 49 70 1
E 49 71 1
E 49 72 1
E 49 73 1
E 49 74 1
E 49 75 1
E 49 76 1
E 49 77 1
E 49 78 1
E 49 79 1
E 49 80 1
E 49 81 1
E 49 82 1
E 49 83 1
E 49 84 1
E 49 85 1
E 49 86 1
E 49 87 1
E 49 88 1
E 49 89 1
E 49 90 1
E 49 91 1
E 49 92 1
E 49 93 1
E 49 94 1
E 49 95 1
E 49 96 1
E 49 97 1
E 49 98 1
E 49 99 1
E 50 0 1
E 50 1 1
E 50 2 1
E 50 3 1
E 50 4 1
E 50 5 1
E 50 6 1
E 50 7 1
E 50 8 1
E 50 9 1
E 50 10 1
E 50 11 1
E 50 12 1
E 50 13 1
E 50 14 1
E 50 15 1
E 50 16 1
E 50 17 1
E 50 18 1
E 50 19 1
E 50 20 1
E 50 21 1
E 50 22 1
E 50 23 1
E 50 24 1
E 50 25 1
E 50 26 1
E 50 27 1
E 50 28 1
E 50 29 1
E 50 30 1
E 50 31 1
E 50 32 1
E 50 33 1
E 50 34 1
E 50 35 1
E 50 36 1
E 50 37 1
E 50 38 1
E 50 39 1
E 50 40 1
E 50 41 1
E 50 42 1
E 50 43 1
E 50 44 1
E 50 45 1
E 50 46 1
E 50 47 1
E 50 48 1
E 50 49 1
E 50 51 1
E 50 52 1
E 50 53 1
E 50 54 1
E 50 55 1
E 50 56 1
E 50 57 1
E 50 58 1
E 50 59 1
E 50 60 1
E 50 61 1
E 50 62 1
E 50 63 1
E 50 64 1
E 50 65 1
E 50 66 1
E 50 67 1
E 50 68 1
E 50 69 1
E 50 70 1
E 50 71 1
E 50 72 1
E 50 73 1
E 50 74 1
E 50 75 1
E 50 76 1
E 50 77 1
E 50 78 1
E 50 79 1
E 50 80 1
E 50 81 1
E 50 82 1
E 50 83 1
E 50 84 1
E 50 85 1
E 50 86 1
E 50 87 1
E 50 88 1
E 50 89 1
E 50 90 1
E 50 91 1
E 50 92 1
E 50 93 1
E 50 94 1
E 50 95 1
E 50 96 1
E 50 97 1
E 50 98 1
E 50 99 1
E 51 0 1
E 51 1 1
E 51 2 1
E 51 3 1
E 51 4 1
E 51 5 1
E 51 6 1
E 51 7 1
E 51 8 1
E 51 9 1
E 51 10 1
E 51 11 1
E 51 12 1
E 51 13 1
E 51 14 1
E 51 15 1
E 51 16 1
E 51 17 1
E 51 18 1
E 51 19 1
E 51 20 1
E 51 21 1
E 51 22 1
E 51 23 1
E 51 24 1
E 51 25 1
E 51 26 1
E 51 27 1
E 51 28 1
E 51 29 1
E 51 30 1
E 51 31 1
E 51 32 1
E 51 33 1
E 51 34 1
E 51 35 1
E 51 36 1
E 51 37 1
E 51 38 1
E 51 39 1
E 51 40 1
E 51 41 1
E 51 42 1
E 51 43 1
E 51 44 1
E 51 45 1
E 51 46 1
E 51 47 1
E 51 48 1
E 51 49 1
E 51 50 1
E 51 52 1
E 51 53 1
E 51 54 1
E 51 55 1
E 51 56 1
E 51 57 1
E 51 58 1
E 51 59 1
E 51 60 1
E 51 61 1
E 51 62 1
E 51 63 1
E 51 64 1
E 51 65 1
E 51 66 1
E 51 67 1
E 51 68 1
E 51 69 1
E 51 70 1
E 51 71 1
E 51 72 1
E 51 73 1
E 51 74 1
E 51 75 1
E 51 76 1
E 51 77 1
E 51 78 1
E 51 79 1
E 51 80 1
E 51 81 1
E 51 82 1
E 51 83 1
E 51 84 1
E 51 85 1
E 51 86 1
E 51 87 1
E 51 88 1
E 51 89 1
E 51 90 1
E 51 91 1
E 51 92 1
E 51 93 1
E 51 94 1
E 51 95 1
E 51 96 1
E 51 97 1
E 51 98 1
E 51 99 1
E 52 0 1
E 52 1 1
E 52 2 1
E 52 3 1
E 52 4 1
E 52 5 1
E 52 6 1
E 52 7 1
E 52 8 1
E 52 9 1
E 52 10 1
E 52 11 1
E 52 12 1
E 52 13 1
E 52 14 1
E 52 15 1
E 52 16 1
E 52 17 1
E 52 18 1
E 52 19 1
E 52 20 1
E 52 21 1
E 52 22 1
E 52 23 1
E 52 24 1
E 52 25 1
E 52 26 1
E 52 27 1
E 52 28 1
E 52 29 1
E 52 30 1
E 52 31 1
E 52 32 1
E 52 33 1
E 52 34 1
E 52 35 1
E 52 36 1
E 52 37 1
E 52 38 1
E 52 39 1
E 52 40 1
E 52 41 1
E 52 42 1
E 52 43 1
E 52 44 1
E 52 45 1
E 52 46 1
E 52 47 1
E 52 48 1
E 52 49 1
E 52 50 1
E 52 51 1
E 52 53 1
E 52 54 1
E 52 55 1
E 52 56 1
E 52 57 1
E 52 58 1
E 52 59 1
E 52 60 1
E 52 61 1
E 52 62 1
E 52 63 1
E 52 64 1
E 52 65 1
E 52 66 1
E 52 67 1
E 52 68 1
E 52 69 1
E 52 70 1
E 52 71 1
E 52 72 1
E 52 73 1
E 52 74 1
E 52 75 1
E 52 76 1
E 52 77 1
E 52 78 1
E 52 79 1
E 52 80 1
E 52 81 1
E 52 82 1
E 52 83 1
E 52 84 1
E 52 85 1
E 52 86 1
E 52 87 1
E 52 88 1
E 52 89 1
E 52 90 1
E 52 91 1
E 52 92 1
E 52 93 1
E 52 94 1
E 52 95 1
E 52 96 1
E 52 97 1
E 52 98 1
E 52 99 1
E 53 0 1
E 53 1 1
E 53 2 1
E 53 3 1
E 53 4 1
E 53 5 1
E 53 6 1
E 53 7 1
E 53 8 1
E 53 9 1
E 53 10 1
E 53 11 1
E 53 12 1
E 53 13 1
E 53 14 1
E 53 15 1
E 53 16 1
E 53 17 1
E 53 18 1
E 53 19 1
E 53 20 1
E 53 21 1
E 53 22 1
E 53 23 1
E 53 24 1
E 53 25 1
E 53 26 1
E 53 27 1
E 53 28 1
E 53 29 1
E 53 30 1
E 53 31 1
E 53 32 1
E 53 33 1
E 53 34 1
E 53 35 1
E 53 36 1
E 53 37 1
E 53 38 1
E 53 39 1
E 53 40 1
E 53 41 1
E 53 42 1
E 53 43 1
E 53 44 1
E 53 45 1
E 53 46 1
E 53 47 1
E 53 48 1
E 53 49 1
E 53 50 1
E 53 51 1
E 53 52 1
E 53 54 1
E 53 55 1
E 53 56 1
E 53 57 1
E 53 58 1
E 53 59 1
E 53 60 1
E 53 61 1
E 53 62 1
E 53 63 1
E 53 64 1
E 53 65 1
E 53 66 1
E 53 67 1
E 53 68 1
E 53 69 1
E 53 70 1
E 53 71 1
E 53 72 1
E 53 73 1
E 53 74 1
E 53 75 1
E 53 76 1
E 53 77 1
E 53 78 1
E 53 79 1
E 53 80 1
E 53 81 1
E 53 82 1
E 53 83 1
E 53 84 1
E 53 85 1
E 53 86 1
E 53 87 1
E 53 88 1
E 53 89 1
E 53 90 1
E 53 91 1
E 53 92 1
E 53 93 1
E 53 94 1
E 53 95 1
E 53 96 1
E 53 97 1
E 53 98 1
E 53 99 1
E 54 0 1
E 54 1 1
E 54 2 1
E 54 3 1
E 54 4 1
E 54 5 1
E 54 6 1
E 54 7 1
E 54 8 1
E 54 9 1
E 54 10 1
E 54 11 1
E 54 12 1
E 54 13 1
E 54 14 1
E 54 15 1
E 54 16 1
E 54 17 1
E 54 18 1
E 54 19 1
E 54 20 1
E 54 21 1
E 54 22 1
E 54 23 1
E 54 24 1
E 54 25 1
E 54 26 1
E 54 27 1
E 54 28 1
E 54 29 1
E 54 30 1
E 54 31 1
E 54 32 1
E 54 33 1
E 54 34 1
E 54 35 1
E 54 36 1
E 54 37 1
E 54 38 1
E 54 39 1
E 54 40 1
E 54 41 1
E 54 42 1
E 54 43 1
E 54 44 1
E 54 45 1
E 54 46 1
E 54 47 1
E 54 48 1
E 54 49 1
E 54 50 1
E 54 51 1
E 54 52 1
E 54 53 1
E 54 55 1
E 54 56 1
E 54 57 1
E 54 58 1
E 54 59 1
E 54 60 1
E 54 61 1
E 54 62 1
E 54 63 1
E 54 64 1
E 54 65 1
E 54 66 1
E 54 67 1
E 54 68 1
E 54 69 1
E 54 70 1
E 54 71 1
E 54 72 1
E 54 73 1
E 54 74 1
E 54 75 1
E 54 76 1
E 54 77 1
E 54 78 1
E 54 79 1
E 54 80 1
E 54 81 1
E 54 82 1
E 54 83 1
E 54 84 1
E 54 85 1
E 54 86 1
E 54 87 1
E 54 88 1
E 54 89 1
E 54 90 1
E 54 91 1
E 54 92 1
E 54 93 1
E 54 94 1
E 54 95 1
E 54 96 1
E 54 97 1
E 54 98 1
E 54 99 1
E 55 0 1
E 55 1 1
E 55 2 1
E 55 3 1
E 55 4 1
E 55 5 1
E 55 6 1
E 55 7 1
E 55 8 1
E 55 9 1
E 55 10 1
E 55 11 1
E 55 12 1
E 55 13 1
E 55 14 1
E 55 15 1
E 55 16 1
E 55 17 1
E 55 18 1
E 55 19 1
E 55 20 1
E 55 21 1
E 55 22 1
E 55 23 1
E 55 24 1
E 55 25 1
E 55 26 1
E 55 27 1
E 55 28 1
E 55 29 1
E 55 30 1
E 55 31 1
E 55 32 1
E 55 33 1
E 55 34 1
E 55 35 1
E 55 36 1
E 55 37 1
E 55 38 1
E 55 39 1
E 55 40 1
E 55 41 1
E 55 42 1
E 55 43 1
E 55 44 1
E 55 45 1
E 55 46 1
E 55 47 1
E 55 48 1
E 55 49 1
E 55 50 1
E 55 51 1
E 55 52 1
E 55 53 1
E 55 54 1
E 55 56 1
E 55 57 1
E 55 58 1
E 55 59 1
E 55 60 1
E 55 61 1
E 55 62 1
E 55 63 1
E 55 64 1
E 55 65 1
E 55 66 1
E 55 67 1
E 55 68 1
E 55 69 1
E 55 70 1
E 55 71 1
E 55 72 1
E 55 73 1
E 55 74 1
E 55 75 1
E 55 76 1
E 55 77 1
E 55 78 1
E 55 79 1
E 55 80 1
E 55 81 1
E 55 82 1
E 55 83 1
E 55 84 1
E 55 85 1
E 55 86 1
E 55 87 1
E 55 88 1
E 55 89 1
E 55 90 1
E 55 91 1
E 55 92 1
E 55 93 1
E 55 94 1
E 55 95 1
E 55 96 1
E 55 97 1
E 55 98 1
E 55 99 1
E 56 0 1
E 56 1 1
E 56 2 1
E 56 3 1
E 56 4 1
E 56 5 1
E 56 6 1
E 56 7 1
E 56 8 1
E 56 9 1
E 56 10 1
E 56 11 1
E 56 12 1
E 56 13 1
E 56 14 1
E 56 15 1
E 56 16 1
E 56 17 1
E 56 18 1
E 56 19 1
E 56 20 1
E 56 21 1
E 56 22 1
E 56 23 1
E 56 24 1
E 56 25 1
E 56 26 1
E 56 27 1
E 56 28 1
E 56 29 1
E 56 30 1
E 56 31 1
E 56 32 1
E 56 33 1
E 56 34 1
E 56 35 1
E 56 36 1
E 56 37 1
E 56 38 1
E 56 39 1
E 56 40 1
E 56 41 1
E 56 42 1
E 56 43 1
E 56 44 1
E 56 45 1
E 56 46 1
E 56 47 1
E 56 48 1
E 56 49 1
E 56 50 1
E 56 51 1
E 56 52 1
E 56 53 1
E 56 54 1
E 56 55 1
E 56 57 1
E 56 58 1
E 56 59 1
E 56 60 1
E 56 61 1
E 56 62 1
E 56 63 1
E 56 64 1
E 56 65 1
E 56 66 1
E 56 67 1
E 56 68 1
E 56 69 1
E 56 70 1
E 56 71 1
E 56 72 1
E 56 73 1
E 56 74 1
E 56 75 1
E 56 76 1
E 56 77 1
E 56 78 1
E 56 79 1
E 56 80 1
E 56 81 1
E 56 82 1
E 56 83 1
E 56 84 1
E 56 85 1
E 56 86 1
E 56 87 1
E 56 88 1
E 56 89 1
E 56 90 1
E 56 91 1
E 56 92 1
E 56 93 1
E 56 94 1
E 56 95 1
E 56 96 1
E 56 97 1
E 56 98 1
E 56 99 1
E 57 0 1
E 57 1 1
E 57 2 1
E 57 3 1
E 57 4 1
E 57 5 1
E 57 6 1
E 57 7 1
E 57 8 1
E 57 9 1
E 57 10 1
E 57 11 1
E 57 12 1
E 57 13 1
E 57 14 1
E 57 15 1
E 57 16 1
E 57 17 1
E 57 18 1
E 57 19 1
E 57 20 1
E 57 21 1
E 57 22 1
E 57 23 1
E 57 24 1
E 57 25 1
E 57 26 1
E 57 27 1
E 57 28 1
E 57 29 1
E 57 30 1
E 57 31 1
E 57 32 1
E 57 33 1
E 57 34 1
E 57 35 1
E 57 36 1
E 57 37 1
E 57 38 1
E 57 39 1
E 57 40 1
E 57 41 1
E 57 42 1
E 57 43 1
E 57 44 1
E 57 45 1
E 57 46 1
E 57 47 1
E 57 48 1
E 57 49 1
E 57 50 1
E 57 51 1
E 57 52 1
E 57 53 1
E 57 54 1
E 57 55 1
E 57 56 1
E 57 58 1
E 57 59 1
E 57 60 1
E 57 61 1
E 57 62 1
E 57 63 1
E 57 64 1
E 57 65 1
E 57 66 1
E 57 67 1
E 57 68 1
E 57 69 1
E 57 70 1
E 57 71 1
E 57 72 1
E 57 73 1
E 57 74 1
E 57 75 1
E 57 76 1
E 57 77 1
E 57 78 1
E 57 79 1
E 57 80 1
E 57 81 1
E 57 82 1
E 57 83 1
E 57 84 1
E 57 85 1
E 57 86 1
E 57 87 1
E 57 88 1
E 57 89 1
E 57 90 1
E 57 91 1
E 57 92 1
E 57 93 1
E 57 94 1
E 57 95 1
E 57 96 1
E 57 97 1
E 57 98 1
E 57 99 1
E 58 0 1
E 58 1 1
E 58 2 1
E 58 3 1
E 58 4 1
E 58 5 1
E 58 6 1
E 58 7 1
E 58 8 1
E 58 9 1
E 58 10 1
E 58 11 1
E 58 12 1
E 58 13 1
E 58 14 1
E 58 15 1
E 58 16 1
E 58 17 1
E 58 18 1
E 58 19 1
E 58 20 1
E 58 21 1
E 58 22 1
E 58 23 1
E 58 24 1
E 58 25 1
E 58 26 1
E 58 27 1
E 58 28 1
E 58 29 1
E 58 30 1
E 58 31 1
E 58 32 1
E 58 33 1
E 58 34 1
E 58 35 1
E 58 36 1
E 58 37 1
E 58 38 1
E 58 39 1
E 58 40 1
E 58 41 1
E 58 42 1
E 58 43 1
E 58 44 1
E 58 45 1
E 58 46 1
E 58 47 1
E 58 48 1
E 58 49 1
E 58 50 1
E 58 51 1
E 58 52 1
E 58 53 1
E 58 54 1
E 58 55 1
E 58 56 1
E 58 57 1
E 58 59 1
E 58 60 1
E 58 61 1
E 58 62 1
E 58 63 1
E 58 64 1
E 58 65 1
E 58 66 1
E 58 67 1
E 58 68 1
E 58 69 1
E 58 70 1
E 58 71 1
E 58 72 1
E 58 73 1
E 58 74 1
E 58 75 1
E 58 76 1
E 58 77 1
E 58 78 1
E 58 79 1
E 58 80 1
E 58 81 1
E 58 82 1
E 58 83 1
E 58 84 1
E 58 85 1
E 58 86 1
E 58 87 1
E 58 88 1
E 58 89 1
E 58 90 1
E 58 91 1
E 58 92 1
E 58 93 1
E 58 94 1
E 58 95 1
E 58 96 1
E 58 97 1
E 58 98 1
E 58 99 1
E 59 0 1
E 59 1 1
E 59 2 1
E 59 3 1
E 59 4 1
E 59 5 1
E 59 6 1
E 59 7 1
E 59 8 1
E 59 9 1
E 59 10 1
E 59 11 1
E 59 12 1
E 59 13 1
E 59 14 1
E 59 15 1
E 59 16 1
E 59 17 1
E 59 18 1
E 59 19 1
E 59 20 1
E 59 21 1
E 59 22 1
E 59 23 1
E 59 24 1
E 59 25 1
E 59 26 1
E 59 27 1
E 59 28 1
E 59 29 1
E 59 30 1
E 59 31 1
E 59 32 1
E 59 33 1
E 59 34 1
E 59 35 1
E 59 36 1
E 59 37 1
E 59 38 1
E 59 39 1
E 59 40 1
E 59 41 1
E 59 42 1
E 59 43 1
E 59 44 1
E 59 45 1
E 59 46 1
E 59 47 1
E 59 48 1
E 59 49 1
E 59 50 1
E 59 51 1
E 59 52 1
E 59 53 1
E 59 54 1
E 59 55 1
E 59 56 1
E 59 57 1
E 59 58 1
E 59 60 1
E 59 61 1
E 59 62 1
E 59 63 1
E 59 64 1
E 59 65 1
E 59 66 1
E 59 67 1
E 59 68 1
E 59 69 1
E 59 70 1
E 59 71 1
E 59 72 1
E 59 73 1
E 59 74 1
E 59 75 1
E 59 76 1
E 59 77 1
E 59 78 1
E 59 79 1
E 59 80 1
E 59 81 1
E 59 82 1
E 59 83 1
E 59 84 1
E 59 85 1
E 59 86 1
E 59 87 1
E 59 88 1
E 59 89 1
E 59 90 1
E 59 91 1
E 59 92 1
E 59 93 1
E 59 94 1
E 59 95 1
E 59 96 1
E 59 97 1
E 59 98 1
E 59 99 1
E 60 0 1
E 60 1 1
E 60 2 1
E 60 3 1
E 60 4 1
E 60 5 1
E 60 6 1
E 60 7 1
E 60 8 1
E 60 9 1
E 60 10 1
E 60 11 1
E 60 12 1
E 60 13 1
E 60 14 1
E 60 15 1
E 60 16 1
E 60 17 1
E 60 18 1
E 60 19 1
E 60 20 1
E 60 21 1
E 60 22 1
E 60 23 1
E 60 24 1
E 60 25 1
E 60 26 1
E 60 27 1
E 60 28 1
E 60 29 1
E 60 30 1
E 60 31 1
E 60 32 1
E 60 33 1
E 60 34 1
E 60 35 1
E 60 36 1
E 60 37 1
E 60 38 1
E 60 39 1
E 60 40 1
E 60 41 1
E 60 42 1
E 60 43 1
E 60 44 1
E 60 45 1
E 60 46 1
E 60 47 1
E 60 48 1
E 60 49 1
E 60 50 1
E 60 51 1
E 60 52 1
E 60 53 1
E 60 54 1
E 60 55 1
E 60 56 1
E 60 57 1
E 60 58 1
E 60 59 1
E 60 61 1
E 60 62 1
E 60 63 1
E 60 64 1
E 60 65 1
E 60 66 1
E 60 67 1
E 60 68 1
E 60 69 1
E 60 70 1
E 60 71 1
E 60 72 1
E 60 73 1
E 60 74 1
E 60 75 1
E 60 76 1
E 60 77 1
E 60 78 1
E 60 79 1
E 60 80 1
E 60 81 1
E 60 82 1
E 60 83 1
E 60 84 1
E 60 85 1
E 60 86 1
E 60 87 1
E 60 88 1
E 60 89 1
E 60 90 1
E 60 91 1
E 60 92 1
E 60 93 1
E 60 94 1
E 60 95 1
E 60 96 1
E 60 97 1
E 60 98 1
E 60 99 1
E 61 0 1
E 61 1 1
E 61 2 1
E 61 3 1
E 61 4 1
E 61 5 1
E 61 6 1
E 61 7 1
E 61 8 1
E 61 9 1
E 61 10 1
E 61 11 1
E 61 12 1
E 61 13 1
E 61 14 1
E 61 15 1
E 61 16 1
E 61 17 1
E 61 18 1
E 61 19 1
E 61 20 1
E 61 21 1
E 61 22 1
E 61 23 1
E 61 24 1
E 61 25 1
E 61 26 1
E 61 27 1
E 61 28 1
E 61 29 1
E 61 30 1
E 61 31 1
E 61 32 1
E 61 33 1
E 61 34 1
E 61 35 1
E 61 36 1
E 61 37 1
E 61 38 1
E 61 39 1
E 61 40 1
E 61 41 1
E 61 42 1
E 61 43 1
E 61 44 1
E 61 45 1
E 61 46 1
E 61 47 1
E 61 48 1
E 61 49 1
E 61 50 1
E 61 51 1
E 61 52 1
E 61 53 1
E 61 54 1
E 61 55 1
E 61 56 1
E 61 57 1
E 61 58 1
E 61 59 1
E 61 60 1
E 61 62 1
E 61 63 1
E 61 64 1
E 61 65 1
E 61 66 1
E 61 67 1
E 61 68 1
E 61 69 1
E 61 70 1
E 61 71 1
E 61 72 1
E 61 73 1
E 61 74 1
E 61 75 1
E 61 76 1
E 61 77 1
E 61 78 1
E 61 79 1
E 61 80 1
E 61 81 1
E 61 82 1
E 61 83 1
E 61 84 1
E 61 85 1
E 61 86 1
E 61 87 1
E 61 88 1
E 61 89 1
E 61 90 1
E 61 91 1
E 61 92 1
E 61 93 1
E 61 94 1
E 61 95 1
E 61 96 1
E 61 97 1
E 61 98 1
E 61 99 1
E 62 0 1
E 62 1 1
E 62 2 1
E 62 3 1
E 62 4 1
E 62 5 1
E 62 6 1
E 62 7 1
E 62 8 1
E 62 9 1
E 62 10 1
E 62 11 1
E 62 12 1
E 62 13 1
E 62 14 1
E 62 15 1
E 62 16 1
E 62 17 1
E 62 18 1
E 62 19 1
E 62 20 1
E 62 21 1
E 62 22 1
E 62 23 1
E 62 24 1
E 62 25 1
E 62 26 1
E 62 27 1
E 62 28 1
E 62 29 1
E 62 30 1
E 62 31 1
E 62 32 1
E 62 33 1
E 62 34 1
E 62 35 1
E 62 36 1
E 62 37 1
E 62 38 1
E 62 39 1
E 62 40 1
E 62 41 1
E 62 42 1
E 62 43 1
E 62 44 1
E 62 45 1
E 62 46 1
E 62 47 1
E 62 48 1
E 62 49 1
E 62 50 1
E 62 51 1
E 62 52 1
E 62 53 1
E 62 54 1
E 62 55 1
E 62 56 1
E 62 57 1
E 62 58 1
E 62 59 1
E 62 60 1
E 62 61 1
E 62 63 1
E 62 64 1
E 62 65 1
E 62 66 1
E 62 67 1
E 62 68 1
E 62 69 1
E 62 70 1
E 62 71 1
E 62 72 1
E 62 73 1
E 62 74 1
E 62 75 1
E 62 76 1
E 62 77 1
E 62 78 1
E 62 79 1
E 62 80 1
E 62 81 1
E 62 82 1
E 62 83 1
E 62 84 1
E 62 85 1
E 62 86 1
E 62 87 1
E 62 88 1
E 62 89 1
E 62 90 1
E 62 91 1
E 62 92 1
E 62 93 1
E 62 94 1
E 62 95 1
E 62 96 1
E 62 97 1
E 62 98 1
E 62 99 1
E 63 0 1
E 63 1 1
E 63 2 1
E 63 3 1
E 63 4 1
E 63 5 1
E 63 6 1
E 63 7 1
E 63 8 1
E 63 9 1
E 63 10 1
E 63 11 1
E 63 12 1
E 63 13 1
E 63 14 1
E 63 15 1
E 63 16 1
E 63 17 1
E 63 18 1
E 63 19 1
E 63 20 1
E 63 21 1
E 63 22 1
E 63 23 1
E 63 24 1
E 63 25 1
E 63 26 1
E 63 27 1
E 63 28 1
E 63 29 1
E 63 30 1
E 63 31 1
E 63 32 1
E 63 33 1
E 63 34 1
E 63 35 1
E 63 36 1
E 63 37 1
E 63 38 1
E 63 39 1
E 63 40 1
E 63 41 1
E 63 42 1
E 63 43 1
E 63 44 1
E 63 45 1
E 63 46 1
E 63 47 1
E 63 48 1
E 63 49 1
E 63 50 1
E 63 51 1
E 63 52 1
E 63 53 1
E 63 54 1
E 63 55 1
E 63 56 1
E 63 57 1
E 63 58 1
E 63 59 1
E 63 60 1
E 63 61 1
E 63 62 1
E 63 64 1
E 63 65 1
E 63 66 1
E 63 67 1
E 63 68 1
E 63 69 1
E 63 70 1
E 63 71 1
E 63 72 1
E 63 73 1
E 63 74 1
E 63 75 1
E 63 76 1
E 63 77 1
E 63 78 1
E 63 79 1
E 63 80 1
E 63 81 1
E 63 82 1
E 63 83 1
E 63 84 1
E 63 85 1
E 63 86 1
E 63 87 1
E 63 88 1
E 63 89 1
E 63 90 1
E 63 91 1
E 63 92 1
E 63 93 1
E 63 94 1
E 63 95 1
E 63 96 1
E 63 97 1
E 63 98 1
E 63 99 1
E 64 0 1
E 64 1 1
E 64 2 1
E 64 3 1
E 64 4 1
E 64 5 1
E 64 6 1
E 64 7 1
E 64 8 1
E 64 9 1
E 64 10 1
E 64 11 1
E 64 12 1
E 64 13 1
E 64 14 1
E 64 15 1
E 64 16 1
E 64 17 1
E 64 18 1
E 64 19 1
E 64 20 1
E 64 21 1
E 64 22 1
E 64 23 1
E 64 24 1
E 64 25 1
E 64 26 1
E 64 27 1
E 64 28 1
E 64 29 1
E 64 30 1
E 64 31 1
E 64 32 1
E 64 33 1
E 64 34 1
E 64 35 1
E 64 36 1
E 64 37 1
E 64 38 1
E 64 39 1
E 64 40 1
E 64 41 1
E 64 42 1
E 64 43 1
E 64 44 1
E 64 45 1
E 64 46 1
E 64 47 1
E 64 48 1
E 64 49 1
E 64 50 1
E 64 51 1
E 64 52 1
E 64 53 1
E 64 54 1
E 64 55 1
E 64 56 1
E 64 57 1
E 64 58 1
E 64 59 1
E 64 60 1
E 64 61 1
E 64 62 1
E 64 63 1
E 64 65 1
E 64 66 1
E 64 67 1
E 64 68 1
E 64 69 1
E 64 70 1
E 64 71 1
E 64 72 1
E 64 73 1
E 64 74 1
E 64 75 1
E 64 76 1
E 64 77 1
E 64 78 1
E 64 79 1
E 64 80 1
E 64 81 1
E 64 82 1
E 64 83 1
E 64 84 1
E 64 85 1
E 64 86 1
E 64 87 1
E 64 88 1
E 64 89 1
E 64 90 1
E 64 91 1
E 64 92 1
E 64 93 1
E 64 94 1
E 64 95 1
E 64 96 1
E 64 97 1
E 64 98 1
E 64 99 1
E 65 0 1
E 65 1 1
E 65 2 1
E 65 3 1
E 65 4 1
E 65 5 1
E 65 6 1
E 65 7 1
E 65 8 1
E 65 9 1
E 65 10 1
E 65 11 1
E 65 12 1
E 65 13 1
E 65 14 1
E 65 15 1
E 65 16 1
E 65 17 1
E 65 18 1
E 65 19 1
E 65 20 1
E 65 21 1
E 65 22 1
E 65 23 1
E 65 24 1
E 65 25 1
E 65 26 1
E 65 27 1
E 65 28 1
E 65 29 1
E 65 30 1
E 65 31 1
E 65 32 1
E 65 33 1
E 65 34 1
E 65 35 1
E 65 36 1
E 65 37 1
E 65 38 1
E 65 39 1
E 65 40 1
E 65 41 1
E 65 42 1
E 65 43 1
E 65 44 1
E 65 45 1
E 65 46 1
E 65 47 1
E 65 48 1
E 65 49 1
E 65 50 1
E 65 51 1
E 65 52 1
E 65 53 1
E 65 54 1
E 65 55 1
E 65 56 1
E 65 57 1
E 65 58 1
E 65 59 1
E 65 60 1
E 65 61 1
E 65 62 1
E 65 63 1
E 65 64 1
E 65 66 1
E 65 67 1
E 65 68 1
E 65 69 1
E 65 70 1
E 65 71 1
E 65 72 1
E 65 73 1
E 65 74 1
E 65 75 1
E 65 76 1
E 65 77 1
E 65 78 1
E 65 79 1
E 65 80 1
E 65 81 1
E 65 82 1
E 65 83 1
E 65 84 1
E 65 85 1
E 65 86 1
E 65 87 1
E 65 88 1
E 65 89 1
E 65 90 1
E 65 91 1
E 65 92 1
E 65 93 1
E 65 94 1
E 65 95 1
E 65 96 1
E 65 97 1
E 65 98 1
E 65 99 1
E 66 0 1
E 66 1 1
E 66 2 1
E 66 3 1
E 66 4 1
E 66 5 1
E 66 6 1
E 66 7 1
E 66 8 1
E 66 9 1
E 66 10 1
E 66 11 1
E 66 12 1
E 66 13 1
E 66 14 1
E 66 15 1
E 66 16 1
E 66 17 1
E 66 18 1
E 66 19 1
E 66 20 1
E 66 21 1
E 66 22 1
E 66 23 1
E 66 24 1
E 66 25 1
E 66 26 1
E 66 27 1
E 66 28 1
E 66 29 1
E 66 30 1
E 66 31 1
E 66 32 1
E 66 33 1
E 66 34 1
E 66 35 1
E 66 36 1
E 66 37 1
E 66 38 1
E 66 39 1
E 66 40 1
E 66 41 1
E 66 42 1
E 66 43 1
E 66 44 1
E 66 45 1
E 66 46 1
E 66 47 1
E 66 48 1
E 66 49 1
E 66 50 1
E 66 51 1
E 66 52 1
E 66 53 1
E 66 54 1
E 66 55 1
E 66 56 1
E 66 57 1
E 66 58 1
E 66 59 1
E 66 60 1
E 66 61 1
E 66 62 1
E 66 63 1
E 66 64 1
E 66 65 1
E 66 67 1
E 66 68 1
E 66 69 1
E 66 70 1
E 66 71 1
E 66 72 1
E 66 73 1
E 66 74 1
E 66 75 1
E 66 76 1
E 66 77 1
E 66 78 1
E 66 79 1
E 66 80 1
E 66 81 1
E 66 82 1
E 66 83 1
E 66 84 1
E 66 85 1
E 66 86 1
E 66 87 1
E 66 88 1
E 66 89 1
E 66 90 1
E 66 91 1
E 66 92 1
E 66 93 1
E 66 94 1
E 66 95 1
E 66 96 1
E 66 97 1
E 66 98 1
E 66 99 1
E 67 0 1
E 67 1 1
E 67 2 1
E 67 3 1
E 67 4 1
E 67 5 1
E 67 6 1
E 67 7 1
E 67 8 1
E 67 9 1
E 67 10 1
E 67 11 1
E 67 12 1
E 67 13 1
E 67 14 1
E 67 15 1
E 67 16 1
E 67 17 1
E 67 18 1
E 67 19 1
E 67 20 1
E 67 21 1
E 67 22 1
E 67 23 1
E 67 24 1
E 67 25 1
E 67 26 1
E 67 27 1
E 67 28 1
E 67 29 1
E 67 30 1
E 67 31 1
E 67 32 1
E 67 33 1
E 67 34 1
E 67 35 1
E 67 36 1
E 67 37 1
E 67 38 1
E 67 39 1
E 67 40 1
E 67 41 1
E 67 42 1
E 67 43 1
E 67 44 1
E 67 45 1
E 67 46 1
E 67 47 1
E 67 48 1
E 67 49 1
E 67 50 1
E 67 51 1
E 67 52 1
E 67 53 1
E 67 54 1
E 67 55 1
E 67 56 1
E 67 57 1
E 67 58 1
E 67 59 1
E 67 60 1
E 67 61 1
E 67 62 1
E 67 63 1
E 67 64 1
E 67 65 1
E 67 66 1
E 67 68 1
E 67 69 1
E 67 70 1
E 67 71 1
E 67 72 1
E 67 73 1
E 67 74 1
E 67 75 1
E 67 76 1
E 67 77 1
E 67 78 1
E 67 79 1
E 67 80 1
E 67 81 1
E 67 82 1
E 67 83 1
E 67 84 1
E 67 85 1
E 67 86 1
E 67 87 1
E 67 88 1
E 67 89 1
E 67 90 1
E 67 91 1
E 67 92 1
E 67 93 1
E 67 94 1
E 67 95 1
E 67 96 1
E 67 97 1
E 67 98 1
E 67 99 1
E 68 0 1
E 68 1 1
E 68 2 1
E 68 3 1
E 68 4 1
E 68 5 1
E 68 6 1
E 68 7 1
E 68 8 1
E 68 9 1
E 68 10 1
E 68 11 1
E 68 12 1
E 68 13 1
E 68 14 1
E 68 15 1
E 68 16 1
E 68 17 1
E 68 18 1
E 68 19 1
E 68 20 1
E 68 21 1
E 68 22 1
E 68 23 1
E 68 24 1
E 68 25 1
E 68 26 1
E 68 27 1
E 68 28 1
E 68 29 1
E 68 30 1
E 68 31 1
E 68 32 1
E 68 33 1
E 68 34 1
E 68 35 1
E 68 36 1
E 68 37 1
E 68 38 1
E 68 39 1
E 68 40 1
E 68 41 1
E 68 42 1
E 68 43 1
E 68 44 1
E 68 45 1
E 68 46 1
E 68 47 1
E 68 48 1
E 68 49 1
E 68 50 1
E 68 51 1
E 68 52 1
E 68 53 1
E 68 54 1
E 68 55 1
E 68 56 1
E 68 57 1
E 68 58 1
E 68 59 1
E 68 60 1
E 68 61 1
E 68 62 1
E 68 63 1
E 68 64 1
E 68 65 1
E 68 66 1
E 68 67 1
E 68 69 1
E 68 70 1
E 68 71 1
E 68 72 1
E 68 73 1
E 68 74 1
E 68 75 1
E 68 76 1
E 68 77 1
E 68 78 1
E 68 79 1
E 68 80 1
E 68 81 1
E 68 82 1
E 68 83 1
E 68 84 1
E 68 85 1
E 68 86 1
E 68 87 1
E 68 88 1
E 68 89 1
E 68 90 1
E 68 91 1
E 68 92 1
E 68 93 1
E 68 94 1
E 68 95 1
E 68 96 1
E 68 97 1
E 68 98 1
E 68 99 1
E 69 0 1
E 69 1 1
E 69 2 1
E 69 3 1
E 69 4 1
E 69 5 1
E 69 6 1
E 69 7 1
E 69 8 1
E 69 9 1
E 69 10 1
E 69 11 1
E 69 12 1
E 69 13 1
E 69 14 1
E 69 15 1
E 69 16 1
E 69 17 1
E 69 18 1
E 69 19 1
E 69 20 1
E 69 21 1
E 69 22 1
E 69 23 1
E 69 24 1
E 69 25 1
E 69 26 1
E 69 27 1
E 69 28 1
E 69 29 1
E 69 30 1
E 69 31 1
E 69 32 1
E 69 33 1
E 69 34 1
E 69 35 1
E 69 36 1
E 69 37 1
E 69 38 1
E 69 39 1
E 69 40 1
E 69 41 1
E 69 42 1
E 69 43 1
E 69 44 1
E 69 45 1
E 69 46 1
E 69 47 1
E 69 48 1
E 69 49 1
E 69 50 1
E 69 51 1
E 69 52 1
E 69 53 1
E 69 54 1
E 69 55 1
E 69 56 1
E 69 57 1
E 69 58 1
E 69 59 1
E 69 60 1
E 69 61 1
E 69 62 1
E 69 63 1
E 69 64 1
E 69 65 1
E 69 66 1
E 69 67 1
E 69 68 1
E 69 70 1
E 69 71 1
E 69 72 1
E 69 73 1
E 69 74 1
E 69 75 1
E 69 76 1
E 69 77 1
E 69 78 1
E 69 79 1
E 69 80 1
E 69 81 1
E 69 82 1
E 69 83 1
E 69 84 1
E 69 85 1
E 69 86 1
E 69 87 1
E 69 88 1
E 69 89 1
E 69 90 1
E 69 91 1
E 69 92 1
E 69 93 1
E 69 94 1
E 69 95 1
E 69 96 1
E 69 97 1
E 69 98 1
E 69 99 1
E 70 0 1
E 70 1 1
E 70 2 1
E 70 3 1
E 70 4 1
E 70 5 1
E 70 6 1
E 70 7 1
E 70 8 1
E 70 9 1
E 70 10 1
E 70 11 1
E 70 12 1
E 70 13 1
E 70 14 1
E 70 15 1
E 70 16 1
E 70 17 1
E 70 18 1
E 70 19 1
E 70 20 1
E 70 21 1
E 70 22 1
E 70 23 1
E 70 24 1
E 70 25 1
E 70 26 1
E 70 27 1
E 70 28 1
E 70 29 1
E 70 30 1
E 70 31 1
E 70 32 1
E 70 33 1
E 70 34 1
E 70 35 1
E 70 36 1
E 70 37 1
E 70 38 1
E 70 39 1
E 70 40 1
E 70 41 1
E 70 42 1
E 70 43 1
E 70 44 1
E 70 45 1
E 70 46 1
E 70 47 1
E 70 48 1
E 70 49 1
E 70 50 1
E 70 51 1
E 70 52 1
E 70 53 1
E 70 54 1
E 70 55 1
E 70 56 1
E 70 57 1
E 70 58 1
E 70 59 1
E 70 60 1
E 70 61 1
E 70 62 1
E 70 63 1
E 70 64 1
E 70 65 1
E 70 66 1
E 70 67 1
E 70 68 1
E 70 69 1
E 70 71 1
E 70 72 1
E 70 73 1
E 70 74 1
E 70 75 1
E 70 76 1
E 70 77 1
E 70 78 1
E 70 79 1
E 70 80 1
E 70 81 1
E 70 82 1
E 70 83 1
E 70 84 1
E 70 85 1
E 70 86 1
E 70 87 1
E 70 88 1
E 70 89 1
E 70 90 1
E 70 91 1
E 70 92 1
E 70 93 1
E 70 94 1
E 70 95 1
E 70 96 1
E 70 97 1
E 70 98 1
E 70 99 1
E 71 0 1
E 71 1 1
E 71 2 1
E 71 3 1
E 71 4 1
E 71 5 1
E 71 6 1
E 71 7 1
E 71 8 1
E 71 9 1
E 71 10 1
E 71 11 1
E 71 12 1
E 71 13 1
E 71 14 1
E 71 15 1
E 71 16 1
E 71 17 1
E 71 18 1
E 71 19 1
E 71 20 1
E 71 21 1
E 71 22 1
E 71 23 1
E 71 24 1
E 71 25 1
E 71 26 1
E 71 27 1
E 71 28 1
E 71 29 1
E 71 30 1
E 71 31 1
E 71 32 1
E 71 33 1
E 71 34 1
E 71 35 1
E 71 36 1
E 71 37 1
E 71 38 1
E 71 39 1
E 71 40 1
E 71 41 1
E 71 42 1
E 71 43 1
E 71 44 1
E 71 45 1
E 71 46 1
E 71 47 1
E 71 48 1
E 71 49 1
E 71 50 1
E 71 51 1
E 71 52 1
E 71 53 1
E 71 54 1
E 71 55 1
E 71 56 1
E 71 57 1
E 71 58 1
E 71 59 1
E 71 60 1
E 71 61 1
E 71 62 1
E 71 63 1
E 71 64 1
E 71 65 1
E 71 66 1
E 71 67 1
E 71 68 1
E 71 69 1
E 71 70 1
E 71 72 1
E 71 73 1
E 71 74 1
E 71 75 1
E 71 76 1
E 71 77 1
E 71 78 1
E 71 79 1
E 71 80 1
E 71 81 1
E 71 82 1
E 71 83 1
E 71 84 1
E 71 85 1
E 71 86 1
E 71 87 1
E 71 88 1
E 71 89 1
E 71 90 1
E 71 91 1
E 71 92 1
E 71 93 1
E 71 94 1
E 71 95 1
E 71 96 1
E 71 97 1
E 71 98 1
E 71 99 1
E 72 0 1
E 72 1 1
E 72 2 1
E 72 3 1
E 72 4 1
E 72 5 1
E 72 6 1
E 72 7 1
E 72 8 1
E 72 9 1
E 72 10 1
E 72 11 1
E 72 12 1
E 72 13 1
E 72 14 1
E 72 15 1
E 72 16 1
E 72 17 1
E 72 18 1
E 72 19 1
E 72 20 1
E 72 21 1
E 72 22 1
E 72 23 1
E 72 24 1
E 72 25 1
E 72 26 1
E 72 27 1
E 72 28 1
E 72 29 1
E 72 30 1
E 72 31 1
E 72 32 1
E 72 33 1
E 72 34 1
E 72 35 1
E 72 36 1
E 72 37 1
E 72 38 1
E 72 39 1
E 72 40 1
E 72 41 1
E 72 42 1
E 72 43 1
E 72 44 1
E 72 45 1
E 72 46 1
E 72 47 1
E 72 48 1
E 72 49 1
E 72 50 1
E 72 51 1
E 72 52 1
E 72 53 1
E 72 54 1
E 72 55 1
E 72 56 1
E 72 57 1
E 72 58 1
E 72 59 1
E 72 60 1
E 72 61 1
E 72 62 1
E 72 63 1
E 72 64 1
E 72 65 1
E 72 66 1
E 72 67 1
E 72 68 1
E 72 69 1
E 72 70 1
E 72 71 1
E 72 73 1
E 72 74 1
E 72 75 1
E 72 76 1
E 72 77 1
E 72 78 1
E 72 79 1
E 72 80 1
E 72 81 1
E 72 82 1
E 72 83 1
E 72 84 1
E 72 85 1
E 72 86 1
E 72 87 1
E 72 88 1
E 72 89 1
E 72 90 1
E 72 91 1
E 72 92 1
E 72 93 1
E 72 94 1
E 72 95 1
E 72 96 1
E 72 97 1
E 72 98 1
E 72 99 1
E 73 0 1
E 73 1 1
E 73 2 1
E 73 3 1
E 73 4 1
E 73 5 1
E 73 6 1
E 73 7 1
E 73 8 1
E 73 9 1
E 73 10 1
E 73 11 1
E 73 12 1
E 73 13 1
E 73 14 1
E 73 15 1
E 73 16 1
E 73 17 1
E 73 18 1
E 73 19 1
E 73 20 1
E 73 21 1
E 73 22 1
E 73 23 1
E 73 24 1
E 73 25 1
E 73 26 1
E 73 27 1
E 73 28 1
E 73 29 1
E 73 30 1
E 73 31 1
E 73 32 1
E 73 33 1
E 73 34 1
E 73 35 1
E 73 36 1
E 73 37 1
E 73 38 1
E 73 39 1
E 73 40 1
E 73 41 1
E 73 42 1
E 73 43 1
E 73 44 1
E 73 45 1
E 73 46 1
E 73 47 1
E 73 48 1
E 73 49 1
E 73 50 1
E 73 51 1
E 73 52 1
E 73 53 1
E 73 54 1
E 73 55 1
E 73 56 1
E 73 57 1
E 73 58 1
E 73 59 1
E 73 60 1
E 73 61 1
E 73 62 1
E 73 63 1
E 73 64 1
E 73 65 1
E 73 66 1
E 73 67 1
E 73 68 1
E 73 69 1
E 73 70 1
E 73 71 1
E 73 72 1
E 73 74 1
E 73 75 1
E 73 76 1
E 73 77 1
E 73 78 1
E 73 79 1
E 73 80 1
E 73 81 1
E 73 82 1
E 73 83 1
E 73 84 1
E 73 85 1
E 73 86 1
E 73 87 1
E 73 88 1
E 73 89 1
E 73 90 1
E 73 91 1
E 73 92 1
E 73 93 1
E 73 94 1
E 73 95 1
E 73 96 1
E 73 97 1
E 73 98 1
E 73 99 1
E 74 0 1
E 74 1 1
E 74 2 1
E 74 3 1
E 74 4 1
E 74 5 1
E 74 6 1
E 74 7 1
E 74 8 1
E 74 9 1
E 74 10 1
E 74 11 1
E 74 12 1
E 74 13 1
E 74 14 1
E 74 15 1
E 74 16 1
E 74 17 1
E 74 18 1
E 74 19 1
E 74 20 1
E 74 21 1
E 74 22 1
E 74 23 1
E 74 24 1
E 74 25 1
E 74 26 1
E 74 27 1
E 74 28 1
E 74 29 1
E 74 30 1
E 74 31 1
E 74 32 1
E 74 33 1
E 74 34 1
E 74 35 1
E 74 36 1
E 74 37 1
E 74 38 1
E 74 39 1
E 74 40 1
E 74 41 1
E 74 42 1
E 74 43 1
E 74 44 1
E 74 45 1
E 74 46 1
E 74 47 1
E 74 48 1
E 74 49 1
E 74 50 1
E 74 51 1
E 74 52 1
E 74 53 1
E 74 54 1
E 74 55 1
E 74 56 1
E 74 57 1
E 74 58 1
E 74 59 1
E 74 60 1
E 74 61 1
E 74 62 1
E 74 63 1
E 74 64 1
E 74 65 1
E 74 66 1
E 74 67 1
E 74 68 1
E 74 69 1
E 74 70 1
E 74 71 1
E 74 72 1
E 74 73 1
E 74 75 1
E 74 76 1
E 74 77 1
E 74 78 1
E 74 79 1
E 74 80 1
E 74 81 1
E 74 82 1
E 74 83 1
E 74 84 1
E 74 85 1
E 74 86 1
E 74 87 1
E 74 88 1
E 74 89 1
E 74 90 1
E 74 91 1
E 74 92 1
E 74 93 1
E 74 94 1
E 74 95 1
E 74 96 1
E 74 97 1
E 74 98 1
E 74 99 1
E 75 0 1
E 75 1 1
E 75 2 1
E 75 3 1
E 75 4 1
E 75 5 1
E 75 6 1
E 75 7 1
E 75 8 1
E 75 9 1
E 75 10 1
E 75 11 1
E 75 12 1
E 75 13 1
E 75 14 1
E 75 15 1
E 75 16 1
E 75 17 1
E 75 18 1
E 75 19 1
E 75 20 1
E 75 21 1
E 75 22 1
E 75 23 1
E 75 24 1
E 75 25 1
E 75 26 1
E 75 27 1
E 75 28 1
E 75 29 1
E 75 30 1
E 75 31 1
E 75 32 1
E 75 33 1
E 75 34 1
E 75 35 1
E 75 36 1
E 75 37 1
E 75 38 1
E 75 39 1
E 75 40 1
E 75 41 1
E 75 42 1
E 75 43 1
E 75 44 1
E 75 45 1
E 75 46 1
E 75 47 1
E 75 48 1
E 75 49 1
E 75 50 1
E 75 51 1
E 75 52 1
E 75 53 1
E 75 54 1
E 75 55 1
E 75 56 1
E 75 57 1
E 75 58 1
E 75 59 1
E 75 60 1
E 75 61 1
E 75 62 1
E 75 63 1
E 75 64 1
E 75 65 1
E 75 66 1
E 75 67 1
E 75 68 1
E 75 69 1
E 75 70 1
E 75 71 1
E 75 72 1
E 75 73 1
E 75 74 1
E 75 76 1
E 75 77 1
E 75 78 1
E 75 79 1
E 75 80 1
E 75 81 1
E 75 82 1
E 75 83 1
E 75 84 1
E 75 85 1
E 75 86 1
E 75 87 1
E 75 88 1
E 75 89 1
E 75 90 1
E 75 91 1
E 75 92 1
E 75 93 1
E 75 94 1
E 75 95 1
E 75 96 1
E 75 97 1
E 75 98 1
E 75 99 1
E 76 0 1
E 76 1 1
E 76 2 1
E 76 3 1
E 76 4 1
E 76 5 1
E 76 6 1
E 76 7 1
E 76 8 1
E 76 9 1
E 76 10 1
E 76 11 1
E 76 12 1
E 76 13 1
E 76 14 1
E 76 15 1
E 76 16 1
E 76 17 1
E 76 18 1
E 76 19 1
E 76 20 1
E 76 21 1
E 76 22 1
E 76 23 1
E 76 24 1
E 76 25 1
E 76 26 1
E 76 27 1
E 76 28 1
E 76 29 1
E 76 30 1
E 76 31 1
E 76 32 1
E 76 33 1
E 76 34 1
E 76 35 1
E 76 36 1
E 76 37 1
E 76 38 1
E 76 39 1
E 76 40 1
E 76 41 1
E 76 42 1
E 76 43 1
E 76 44 1
E 76 45 1
E 76 46 1
E 76 47 1
E 76 48 1
E 76 49 1
E 76 50 1
E 76 51 1
E 76 52 1
E 76 53 1
E 76 54 1
E 76 55 1
E 76 56 1
E 76 57 1
E 76 58 1
E 76 59 1
E 76 60 1
E 76 61 1
E 76 62 1
E 76 63 1
E 76 64 1
E 76 65 1
E 76 66 1
E 76 67 1
E 76 68 1
E 76 69 1
E 76 70 1
E 76 71 1
E 76 72 1
E 76 73 1
E 76 74 1
E 76 75 1
E 76 77 1
E 76 78 1
E 76 79 1
E 76 80 1
E 76 81 1
E 76 82 1
E 76 83 1
E 76 84 1
E 76 85 1
E 76 86 1
E 76 87 1
E 76 88 1
E 76 89 1
E 76 90 1
E 76 91 1
E 76 92 1
E 76 93 1
E 76 94 1
E 76 95 1
E 76 96 1
E 76 97 1
E 76 98 1
E 76 99 1
E 77 0 1
E 77 1 1
E 77 2 1
E 77 3 1
E 77 4 1
E 77 5 1
E 77 6 1
E 77 7 1
E 77 8 1
E 77 9 1
E 77 10 1
E 77 11 1
E 77 12 1
E 77 13 1
E 77 14 1
E 77 15 1
E 77 16 1
E 77 17 1
E 77 18 1
E 77 19 1
E 77 20 1
E 77 21 1
E 77 22 1
E 77 23 1
E 77 24 1
E 77 25 1
E 77 26 1
E 77 27 1
E 77 28 1
E 77 29 1
E 77 30 1
E 77 31 1
E 77 32 1
E 77 33 1
E 77 34 1
E 77 35 1
E 77 36 1
E 77 37 1
E 77 38 1
E 77 39 1
E 77 40 1
E 77 41 1
E 77 42 1
E 77 43 1
E 77 44 1
E 77 45 1
E 77 46 1
E 77 47 1
E 77 48 1
E 77 49 1
E 77 50 1
E 77 51 1
E 77 52 1
E 77 53 1
E 77 54 1
E 77 55 1
E 77 56 1
E 77 57 1
E 77 58 1
E 77 59 1
E 77 60 1
E 77 61 1
E 77 62 1
E 77 63 1
E 77 64 1
E 77 65 1
E 77 66 1
E 77 67 1
E 77 68 1
E 77 69 1
E 77 70 1
E 77 71 1
E 77 72 1
E 77 73 1
E 77 74 1
E 77 75 1
E 77 76 1
E 77 78 1
E 77 79 1
E 77 80 1
E 77 81 1
E 77 82 1
E 77 83 1
E 77 84 1
E 77 85 1
E 77 86 1
E 77 87 1
E 77 88 1
E 77 89 1
E 77 90 1
E 77 91 1
E 77 92 1
E 77 93 1
E 77 94 1
E 77 95 1
E 77 96 1
E 77 97 1
E 77 98 1
E 77 99 1
E 78 0 1
E 78 1 1
E 78 2 1
E 78 3 1
E 78 4 1
E 78 5 1
E 78 6 1
E 78 7 1
E 78 8 1
E 78 9 1
E 78 10 1
E 78 11 1
E 78 12 1
E 78 13 1
E 78 14 1
E 78 15 1
E 78 16 1
E 78 17 1
E 78 18 1
E 78 19 1
E 78 20 1
E 78 21 1
E 78 22 1
E 78 23 1
E 78 24 1
E 78 25 1
E 78 26 1
E 78 27 1
E 78 28 1
E 78 29 1
E 78 30 1
E 78 31 1
E 78 32 1
E 78 33 1
E 78 34 1
E 78 35 1
E 78 36 1
E 78 37 1
E 78 38 1
E 78 39 1
E 78 40 1
E 78 41 1
E 78 42 1
E 78 43 1
E 78 44 1
E 78 45 1
E 78 46 1
E 78 47 1
E 78 48 1
E 78 49 1
E 78 50 1
E 78 51 1
E 78 52 1
E 78 53 1
E 78 54 1
E 78 55 1
E 78 56 1
E 78 57 1
E 78 58 1
E 78 59 1
E 78 60 1
E 78 61 1
E 78 62 1
E 78 63 1
E 78 64 1
E 78 65 1
E 78 66 1
E 78 67 1
E 78 68 1
E 78 69 1
E 78 70 1
E 78 71 1
E 78 72 1
E 78 73 1
E 78 74 1
E 78 75 1
E 78 76 1
E 78 77 1
E 78 79 1
E 78 80 1
E 78 81 1
E 78 82 1
E 78 83 1
E 78 84 1
E 78 85 1
E 78 86 1
E 78 87 1
E 78 88 1
E 78 89 1
E 78 90 1
E 78 91 1
E 78 92 1
E 78 93 1
E 78 94 1
E 78 95 1
E 78 96 1
E 78 97 1
E 78 98 1
E 78 99 1
E 79 0 1
E 79 1 1
E 79 2 1
E 79 3 1
E 79 4 1
E 79 5 1
E 79 6 1
E 79 7 1
E 79 8 1
E 79 9 1
E 79 10 1
E 79 11 1
E 79 12 1
E 79 13 1
E 79 14 1
E 79 15 1
E 79 16 1
E 79 17 1
E 79 18 1
E 79 19 1
E 79 20 1
E 79 21 1
E 79 22 1
E 79 23 1
E 79 24 1
E 79 25 1
E 79 26 1
E 79 27 1
E 79 28 1
E 79 29 1
E 79 30 1
E 79 31 1
E 79 32 1
E 79 33 1
E 79 34 1
E 79 35 1
E 79 36 1
E 79 37 1
E 79 38 1
E 79 39 1
E 79 40 1
E 79 41 1
E 79 42 1
E 79 43 1
E 79 44 1
E 79 45 1
E 79 46 1
E 79 47 1
E 79 48 1
E 79 49 1
E 79 50 1
E 79 51 1
E 79 52 1
E 79 53 1
E 79 54 1
E 79 55 1
E 79 56 1
E 79 57 1
E 79 58 1
E 79 59 1
E 79 60 1
E 79 61 1
E 79 62 1
E 79 63 1
E 79 64 1
E 79 65 1
E 79 66 1
E 79 67 1
E 79 68 1
E 79 69 1
E 79 70 1
E 79 71 1
E 79 72 1
E 79 73 1
E 79 74 1
E 79 75 1
E 79 76 1
E 79 77 1
E 79 78 1
E 79 80 1
E 79 81 1
E 79 82 1
E 79 83 1
E 79 84 1
E 79 85 1
E 79 86 1
E 79 87 1
E 79 88 1
E 79 89 1
E 79 90 1
E 79 91 1
E 79 92 1
E 79 93 1
E 79 94 1
E 79 95 1
E 79 96 1
E 79 97 1
E 79 98 1
E 79 99 1
E 80 0 1
E 80 1 1
E 80 2 1
E 80 3 1
E 80 4 1
E 80 5 1
E 80 6 1
E 80 7 1
E 80 8 1
E 80 9 1
E 80 10 1
E 80 11 1
E 80 12 1
E 80 13 1
E 80 14 1
E 80 15 1
E 80 16 1
E 80 17 1
E 80 18 1
E 80 19 1
E 80 20 1
E 80 21 1
E 80 22 1
E 80 23 1
E 80 24 1
E 80 25 1
E 80 26 1
E 80 27 1
E 80 28 1
E 80 29 1
E 80 30 1
E 80 31 1
E 80 32 1
E 80 33 1
E 80 34 1
E 80 35 1
E 80 36 1
E 80 37 1
E 80 38 1
E 80 39 1
E 80 40 1
E 80 41 1
E 80 42 1
E 80 43 1
E 80 44 1
E 80 45 1
E 80 46 1
E 80 47 1
E 80 48 1
E 80 49 1
E 80 50 1
E 80 51 1
E 80 52 1
E 80 53 1
E 80 54 1
E 80 55 1
E 80 56 1
E 80 57 1
E 80 58 1
E 80 59 1
E 80 60 1
E 80 61 1
E 80 62 1
E 80 63 1
E 80 64 1
E 80 65 1
E 80 66 1
E 80 67 1
E 80 68 1
E 80 69 1
E 80 70 1
E 80 71 1
E 80 72 1
E 80 73 1
E 80 74 1
E 80 75 1
E 80 76 1
E 80 77 1
E 80 78 1
E 80 79 1
E 80 81 1
E 80 82 1
E 80 83 1
E 80 84 1
E 80 85 1
E 80 86 1
E 80 87 1
E 80 88 1
E 80 89 1
E 80 90 1
E 80 91 1
E 80 92 1
E 80 93 1
E 80 94 1
E 80 95 1
E 80 96 1
E 80 97 1
E 80 98 1
E 80 99 1
E 81 0 1
E 81 1 1
E 81 2 1
E 81 3 1
E 81 4 1
E 81 5 1
E 81 6 1
E 81 7 1
E 81 8 1
E 81 9 1
E 81 10 1
E 81 11 1
E 81 12 1
E 81 13 1
E 81 14 1
E 81 15 1
E 81 16 1
E 81 17 1
E 81 18 1
E 81 19 1
E 81 20 1
E 81 21 1
E 81 22 1
E 81 23 1
E 81 24 1
E 81 25 1
E 81 26 1
E 81 27 1
E 81 28 1
E 81 29 1
E 81 30 1
E 81 31 1
E 81 32 1
E 81 33 1
E 81 34 1
E 81 35 1
E 81 36 1
E 81 37 1
E 81 38 1
E 81 39 1
E 81 40 1
E 81 41 1
E 81 42 1
E 81 43 1
E 81 44 1
E 81 45 1
E 81 46 1
E 81 47 1
E 81 48 1
E 81 49 1
E 81 50 1
E 81 51 1
E 81 52 1
E 81 53 1
E 81 54 1
E 81 55 1
E 81 56 1
E 81 57 1
E 81 58 1
E 81 59 1
E 81 60 1
E 81 61 1
E 81 62 1
E 81 63 1
E 81 64 1
E 81 65 1
E 81 66 1
E 81 67 1
E 81 68 1
E 81 69 1
E 81 70 1
E 81 71 1
E 81 72 1
E 81 73 1
E 81 74 1
E 81 75 1
E 81 76 1
E 81 77 1
E 81 78 1
E 81 79 1
E 81 80 1
E 81 82 1
E 81 83 1
E 81 84 1
E 81 85 1
E 81 86 1
E 81 87 1
E 81 88 1
E 81 89 1
E 81 90 1
E 81 91 1
E 81 92 1
E 81 93 1
E 81 94 1
E 81 95 1
E 81 96 1
E 81 97 1
E 81 98 1
E 81 99 1
E 82 0 1
E 82 1 1
E 82 2 1
E 82 3 1
E 82 4 1
E 82 5 1
E 82 6 1
E 82 7 1
E 82 8 1
E 82 9 1
E 82 10 1
E 82 11 1
E 82 12 1
E 82 13 1
E 82 14 1
E 82 15 1
E 82 16 1
E 82 17 1
E 82 18 1
E 82 19 1
E 82 20 1
E 82 21 1
E 82 22 1
E 82 23 1
E 82 24 1
E 82 25 1
E 82 26 1
E 82 27 1
E 82 28 1
E 82 29 1
E 82 30 1
E 82 31 1
E 82 32 1
E 82 33 1
E 82 34 1
E 82 35 1
E 82 36 1
E 82 37 1
E 82 38 1
E 82 39 1
E 82 40 1
E 82 41 1
E 82 42 1
E 82 43 1
E 82 44 1
E 82 45 1
E 82 46 1
E 82 47 1
E 82 48 1
E 82 49 1
E 82 50 1
E 82 51 1
E 82 52 1
E 82 53 1
E 82 54 1
E 82 55 1
E 82 56 1
E 82 57 1
E 82 58 1
E 82 59 1
E 82 60 1
E 82 61 1
E 82 62 1
E 82 63 1
E 82 64 1
E 82 65 1
E 82 66 1
E 82 67 1
E 82 68 1
E 82 69 1
E 82 70 1
E 82 71 1
E 82 72 1
E 82 73 1
E 82 74 1
E 82 75 1
E 82 76 1
E 82 77 1
E 82 78 1
E 82 79 1
E 82 80 1
E 82 81 1
E 82 83 1
E 82 84 1
E 82 85 1
E 82 86 1
E 82 87 1
E 82 88 1
E 82 89 1
E 82 90 1
E 82 91 1
E 82 92 1
E 82 93 1
E 82 94 1
E 82 95 1
E 82 96 1
E 82 97 1
E 82 98 1
E 82 99 1
E 83 0 1
E 83 1 1
E 83 2 1
E 83 3 1
E 83 4 1
E 83 5 1
E 83 6 1
E 83 7 1
E 83 8 1
E 83 9 1
E 83 10 1
E 83 11 1
E 83 12 1
E 83 13 1
E 83 14 1
E 83 15 1
E 83 16 1
E 83 17 1
E 83 18 1
E 83 19 1
E 83 20 1
E 83 21 1
E 83 22 1
E 83 23 1
E 83 24 1
E 83 25 1
E 83 26 1
E 83 27 1
E 83 28 1
E 83 29 1
E 83 30 1
E 83 31 1
E 83 32 1
E 83 33 1
E 83 34 1
E 83 35 1
E 83 36 1
E 83 37 1
E 83 38 1
E 83 39 1
E 83 40 1
E 83 41 1
E 83 42 1
E 83 43 1
E 83 44 1
E 83 45 1
E 83 46 1
E 83 47 1
E 83 48 1
E 83 49 1
E 83 50 1
E 83 51 1
E 83 52 1
E 83 53 1
E 83 54 1
E 83 55 1
E 83 56 1
E 83 57 1
E 83 58 1
E 83 59 1
E 83 60 1
E 83 61 1
E 83 62 1
E 83 63 1
E 83 64 1
E 83 65 1
E 83 66 1
E 83 67 1
E 83 68 1
E 83 69 1
E 83 70 1
E 83 71 1
E 83 72 1
E 83 73 1
E 83 74 1
E 83 75 1
E 83 76 1
E 83 77 1
E 83 78 1
E 83 79 1
E 83 80 1
E 83 81 1
E 83 82 1
E 83 84 1
E 83 85 1
E 83 86 1
E 83 87 1
E 83 88 1
E 83 89 1
E 83 90 1
E 83 91 1
E 83 92 1
E 83 93 1
E 83 94 1
E 83 95 1
E 83 96 1
E 83 97 1
E 83 98 1
E 83 99 1
E 84 0 1
E 84 1 1
E 84 2 1
E 84 3 1
E 84 4 1
E 84 5 1
E 84 6 1
E 84 7 1
E 84 8 1
E 84 9 1
E 84 10 1
E 84 11 1
E 84 12 1
E 84 13 1
E 84 14 1
E 84 15 1
E 84 16 1
E 84 17 1
E 84 18 1
E 84 19 1
E 84 20 1
E 84 21 1
E 84 22 1
E 84 23 1
E 84 24 1
E 84 25 1
E 84 26 1
E 84 27 1
E 84 28 1
E 84 29 1
E 84 30 1
E 84 31 1
E 84 32 1
E 84 33 1
E 84 34 1
E 84 35 1
E 84 36 1
E 84 37 1
E 84 38 1
E 84 39 1
E 84 40 1
E 84 41 1
E 84 42 1
E 84 43 1
E 84 44 1
E 84 45 1
E 84 46 1
E 84 47 1
E 84 48 1
E 84 49 1
E 84 50 1
E 84 51 1
E 84 52 1
E 84 53 1
E 84 54 1
E 84 55 1
E 84 56 1
E 84 57 1
E 84 58 1
E 84 59 1
E 84 60 1
E 84 61 1
E 84 62 1
E 84 63 1
E 84 64 1
E 84 65 1
E 84 66 1
E 84 67 1
E 84 68 1
E 84 69 1
E 84 70 1
E 84 71 1
E 84 72 1
E 84 73 1
E 84 74 1
E 84 75 1
E 84 76 1
E 84 77 1
E 84 78 1
E 84 79 1
E 84 80 1
E 84 81 1
E 84 82 1
E 84 83 1
E 84 85 1
E 84 86 1
E 84 87 1
E 84 88 1
E 84 89 1
E 84 90 1
E 84 91 1
E 84 92 1
E 84 93 1
E 84 94 1
E 84 95 1
E 84 96 1
E 84 97 1
E 84 98 1
E 84 99 1
E 85 0 1
E 85 1 1
E 85 2 1
E 85 3 1
E 85 4 1
E 85 5 1
E 85 6 1
E 85 7 1
E 85 8 1
E 85 9 1
E 85 10 1
E 85 11 1
E 85 12 1
E 85 13 1
E 85 14 1
E 85 15 1
E 85 16 1
E 85 17 1
E 85 18 1
E 85 19 1
E 85 20 1
E 85 21 1
E 85 22 1
E 85 23 1
E 85 24 1
E 85 25 1
E 85 26 1
E 85 27 1
E 85 28 1
E 85 29 1
E 85 30 1
E 85 31 1
E 85 32 1
E 85 33 1
E 85 34 1
E 85 35 1
E 85 36 1
E 85 37 1
E 85 38 1
E 85 39 1
E 85 40 1
E 85 41 1
E 85 42 1
E 85 43 1
E 85 44 1
E 85 45 1
E 85 46 1
E 85 47 1
E 85 48 1
E 85 49 1
E 85 50 1
E 85 51 1
E 85 52 1
E 85 53 1
E 85 54 1
E 85 55 1
E 85 56 1
E 85 57 1
E 85 58 1
E 85 59 1
E 85 60 1
E 85 61 1
E 85 62 1
E 85 63 1
E 85 64 1
E 85 65 1
E 85 66 1
E 85 67 1
E 85 68 1
E 85 69 1
E 85 70 1
E 85 71 1
E 85 72 1
E 85 73 1
E 85 74 1
E 85 75 1
E 85 76 1
E 85 77 1
E 85 78 1
E 85 79 1
E 85 80 1
E 85 81 1
E 85 82 1
E 85 83 1
E 85 84 1
E 85 86 1
E 85 87 1
E 85 88 1
E 85 89 1
E 85 90 1
E 85 91 1
E 85 92 1
E 85 93 1
E 85 94 1
E 85 95 1
E 85 96 1
E 85 97 1
E 85 98 1
E 85 99 1
E 86 0 1
E 86 1 1
E 86 2 1
E 86 3 1
E 86 4 1
E 86 5 1
E 86 6 1
E 86 7 1
E 86 8 1
E 86 9 1
E 86 10 1
E 86 11 1
E 86 12 1
E 86 13 1
E 86 14 1
E 86 15 1
E 86 16 1
E 86 17 1
E 86 18 1
E 86 19 1
E 86 20 1
E 86 21 1
E 86 22 1
E 86 23 1
E 86 24 1
E 86 25 1
E 86 26 1
E 86 27 1
E 86 28 1
E 86 29 1
E 86 30 1
E 86 31 1
E 86 32 1
E 86 33 1
E 86 34 1
E 86 35 1
E 86 36 1
E 86 37 1
E 86 38 1
E 86 39 1
E 86 40 1
E 86 41 1
E 86 42 1
E 86 43 1
E 86 44 1
E 86 45 1
E 86 46 1
E 86 47 1
E 86 48 1
E 86 49 1
E 86 50 1
E 86 51 1
E 86 52 1
E 86 53 1
E 86 54 1
E 86 55 1
E 86 56 1
E 86 57 1
E 86 58 1
E 86 59 1
E 86 60 1
E 86 61 1
E 86 62 1
E 86 63 1
E 86 64 1
E 86 65 1
E 86 66 1
E 86 67 1
E 86 68 1
E 86 69 1
E 86 70 1
E 86 71 1
E 86 72 1
E 86 73 1
E 86 74 1
E 86 75 1
E 86 76 1
E 86 77 1
E 86 78 1
E 86 79 1
E 86 80 1
E 86 81 1
E 86 82 1
E 86 83 1
E 86 84 1
E 86 85 1
E 86 87 1
E 86 88 1
E 86 89 1
E 86 90 1
E 86 91 1
E 86 92 1
E 86 93 1
E 86 94 1
E 86 95 1
E 86 96 1
E 86 97 1
E 86 98 1
E 86 99 1
E 87 0 1
E 87 1 1
E 87 2 1
E 87 3 1
E 87 4 1
E 87 5 1
E 87 6 1
E 87 7 1
E 87 8 1
E 87 9 1
E 87 10 1
E 87 11 1
E 87 12 1
E 87 13 1
E 87 14 1
E 87 15 1
E 87 16 1
E 87 17 1
E 87 18 1
E 87 19 1
E 87 20 1
E 87 21 1
E 87 22 1
E 87 23 1
E 87 24 1
E 87 25 1
E 87 26 1
E 87 27 1
E 87 28 1
E 87 29 1
E 87 30 1
E 87 31 1
E 87 32 1
E 87 33 1
E 87 34 1
E 87 35 1
E 87 36 1
E 87 37 1
E 87 38 1
E 87 39 1
E 87 40 1
E 87 41 1
E 87 42 1
E 87 43 1
E 87 44 1
E 87 45 1
E 87 46 1
E 87 47 1
E 87 48 1
E 87 49 1
E 87 50 1
E 87 51 1
E 87 52 1
E 87 53 1
E 87 54 1
E 87 55 1
E 87 56 1
E 87 57 1
E 87 58 1
E 87 59 1
E 87 60 1
E 87 61 1
E 87 62 1
E 87 63 1
E 87 64 1
E 87 65 1
E 87 66 1
E 87 67 1
E 87 68 1
E 87 69 1
E 87 70 1
E 87 71 1
E 87 72 1
E 87 73 1
E 87 74 1
E 87 75 1
E 87 76 1
E 87 77 1
E 87 78 1
E 87 79 1
E 87 80 1
E 87 81 1
E 87 82 1
E 87 83 1
E 87 84 1
E 87 85 1
E 87 86 1
E 87 88 1
E 87 89 1
E 87 90 1
E 87 91 1
E 87 92 1
E 87 93 1
E 87 94 1
E 87 95 1
E 87 96 1
E 87 97 1
E 87 98 1
E 87 99 1
E 88 0 1
E 88 1 1
E 88 2 1
E 88 3 1
E 88 4 1
E 88 5 1
E 88 6 1
E 88 7 1
E 88 8 1
E 88 9 1
E 88 10 1
E 88 11 1
E 88 12 1
E 88 13 1
E 88 14 1
E 88 15 1
E 88 16 1
E 88 17 1
E 88 18 1
E 88 19 1
E 88 20 1
E 88 21 1
E 88 22 1
E 88 23 1
E 88 24 1
E 88 25 1
E 88 26 1
E 88 27 1
E 88 28 1
E 88 29 1
E 88 30 1
E 88 31 1
E 88 32 1
E 88 33 1
E 88 34 1
E 88 35 1
E 88 36 1
E 88 37 1
E 88 38 1
E 88 39 1
E 88 40 1
E 88 41 1
E 88 42 1
E 88 43 1
E 88 44 1
E 88 45 1
E 88 46 1
E 88 47 1
E 88 48 1
E 88 49 1
E 88 50 1
E 88 51 1
E 88 52 1
E 88 53 1
E 88 54 1
E 88 55 1
E 88 56 1
E 88 57 1
E 88 58 1
E 88 59 1
E 88 60 1
E 88 61 1
E 88 62 1
E 88 63 1
E 88 64 1
E 88 65 1
E 88 66 1
E 88 67 1
E 88 68 1
E 88 69 1
E 88 70 1
E 88 71 1
E 88 72 1
E 88 73 1
E 88 74 1
E 88 75 1
E 88 76 1
E 88 77 1
E 88 78 1
E 88 79 1
E 88 80 1
E 88 81 1
E 88 82 1
E 88 83 1
E 88 84 1
E 88 85 1
E 88 86 1
E 88 87 1
E 88 89 1
E 88 90 1
E 88 91 1
E 88 92 1
E 88 93 1
E 88 94 1
E 88 95 1
E 88 96 1
E 88 97 1
E 88 98 1
E 88 99 1
E 89 0 1
E 89 1 1
E 89 2 1
E 89 3 1
E 89 4 1
E 89 5 1
E 89 6 1
E 89 7 1
E 89 8 1
E 89 9 1
E 89 10 1
E 89 11 1
E 89 12 1
E 89 13 1
E 89 14 1
E 89 15 1
E 89 16 1
E 89 17 1
E 89 18 1
E 89 19 1
E 89 20 1
E 89 21 1
E 89 22 1
E 89 23 1
E 89 24 1
E 89 25 1
E 89 26 1
E 89 27 1
E 89 28 1
E 89 29 1
E 89 30 1
E 89 31 1
E 89 32 1
E 89 33 1
E 89 34 1
E 89 35 1
E 89 36 1
E 89 37 1
E 89 38 1
E 89 39 1
E 89 40 1
E 89 41 1
E 89 42 1
E 89 43 1
E 89 44 1
E 89 45 1
E 89 46 1
E 89 47 1
E 89 48 1
E 89 49 1
E 89 50 1
E 89 51 1
E 89 52 1
E 89 53 1
E 89 54 1
E 89 55 1
E 89 56 1
E 89 57 1
E 89 58 1
E 89 59 1
E 89 60 1
E 89 61 1
E 89 62 1
E 89 63 1
E 89 64 1
E 89 65 1
E 89 66 1
E 89 67 1
E 89 68 1
E 89 69 1
E 89 70 1
E 89 71 1
E 89 72 1
E 89 73 1
E 89 74 1
E 89 75 1
E 89 76 1
E 89 77 1
E 89 78 1
E 89 79 1
E 89 80 1
E 89 81 1
E 89 82 1
E 89 83 1
E 89 84 1
E 89 85 1
E 89 86 1
E 89 87 1
E 89 88 1
E 89 90 1
E 89 91 1
E 89 92 1
E 89 93 1
E 89 94 1
E 89 95 1
E 89 96 1
E 89 97 1
E 89 98 1
E 89 99 1
E 90 0 1
E 90 1 1
E 90 2 1
E 90 3 1
E 90 4 1
E 90 5 1
E 90 6 1
E 90 7 1
E 90 8 1
E 90 9 1
E 90 10 1
E 90 11 1
E 90 12 1
E 90 13 1
E 90 14 1
E 90 15 1
E 90 16 1
E 90 17 1
E 90 18 1
E 90 19 1
E 90 20 1
E 90 21 1
E 90 22 1
E 90 23 1
E 90 24 1
E 90 25 1
E 90 26 1
E 90 27 1
E 90 28 1
E 90 29 1
E 90 30 1
E 90 31 1
E 90 32 1
E 90 33 1
E 90 34 1
E 90 35 1
E 90 36 1
E 90 37 1
E 90 38 1
E 90 39 1
E 90 40 1
E 90 41 1
E 90 42 1
E 90 43 1
E 90 44 1
E 90 45 1
E 90 46 1
E 90 47 1
E 90 48 1
E 90 49 1
E 90 50 1
E 90 51 1
E 90 52 1
E 90 53 1
E 90 54 1
E 90 55 1
E 90 56 1
E 90 57 1
E 90 58 1
E 90 59 1
E 90 60 1
E 90 61 1
E 90 62 1
E 90 63 1
E 90 64 1
E 90 65 1
E 90 66 1
E 90 67 1
E 90 68 1
E 90 69 1
E 90 70 1
E 90 71 1
E 90 72 1
E 90 73 1
E 90 74 1
E 90 75 1
E 90 76 1
E 90 77 1
E 90 78 1
E 90 79 1
E 90 80 1
E 90 81 1
E 90 82 1
E 90 83 1
E 90 84 1
E 90 85 1
E 90 86 1
E 90 87 1
E 90 88 1
E 90 89 1
E 90 91 1
E 90 92 1
E 90 93 1
E 90 94 1
E 90 95 1
E 90 96 1
E 90 97 1
E 90 98 1
E 90 99 1
E 91 0 1
E 91 1 1
E 91 2 1
E 91 3 1
E 91 4 1
E 91 5 1
E 91 6 1
E 91 7 1
E 91 8 1
E 91 9 1
E 91 10 1
E 91 11 1
E 91 12 1
E 91 13 1
E 91 14 1
E 91 15 1
E 91 16 1
E 91 17 1
E 91 18 1
E 91 19 1
E 91 20 1
E 91 21 1
E 91 22 1
E 91 23 1
E 91 24 1
E 91 25 1
E 91 26 1
E 91 27 1
E 91 28 1
E 91 29 1
E 91 30 1
E 91 31 1
E 91 32 1
E 91 33 1
E 91 34 1
E 91 35 1
E 91 36 1
E 91 37 1
E 91 38 1
E 91 39 1
E 91 40 1
E 91 41 1
E 91 42 1
E 91 43 1
E 91 44 1
E 91 45 1
E 91 46 1
E 91 47 1
E 91 48 1
E 91 49 1
E 91 50 1
E 91 51 1
E 91 52 1
E 91 53 1
E 91 54 1
E 91 55 1
E 91 56 1
E 91 57 1
E 91 58 1
E 91 59 1
E 91 60 1
E 91 61 1
E 91 62 1
E 91 63 1
E 91 64 1
E 91 65 1
E 91 66 1
E 91 67 1
E 91 68 1
E 91 69 1
E 91 70 1
E 91 71 1
E 91 72 1
E 91 73 1
E 91 74 1
E 91 75 1
E 91 76 1
E 91 77 1
E 91 78 1
E 91 79 1
E 91 80 1
E 91 81 1
E 91 82 1
E 91 83 1
E 91 84 1
E 91 85 1
E 91 86 1
E 91 87 1
E 91 88 1
E 91 89 1
E 91 90 1
E 91 92 1
E 91 93 1
E 91 94 1
E 91 95 1
E 91 96 1
E 91 97 1
E 91 98 1
E 91 99 1
E 92 0 1
E 92 1 1
E 92 2 1
E 92 3 1
E 92 4 1
E 92 5 1
E 92 6 1
E 92 7 1
E 92 8 1
E 92 9 1
E 92 10 1
E 92 11 1
E 92 12 1
E 92 13 1
E 92 14 1
E 92 15 1
E 92 16 1
E 92 17 1
E 92 18 1
E 92 19 1
E 92 20 1
E 92 21 1
E 92 22 1
E 92 23 1
E 92 24 1
E 92 25 1
E 92 26 1
E 92 27 1
E 92 28 1
E 92 29 1
E 92 30 1
E 92 31 1
E 92 32 1
E 92 33 1
E 92 34 1
E 92 35 1
E 92 36 1
E 92 37 1
E 92 38 1
E 92 39 1
E 92 40 1
E 92 41 1
E 92 42 1
E 92 43 1
E 92 44 1
E 92 45 1
E 92 46 1
E 92 47 1
E 92 48 1
E 92 49 1
E 92 50 1
E 92 51 1
E 92 52 1
E 92 53 1
E 92 54 1
E 92 55 1
E 92 56 1
E 92 57 1
E 92 58 1
E 92 59 1
E 92 60 1
E 92 61 1
E 92 62 1
E 92 63 1
E 92 64 1
E 92 65 1
E 92 66 1
E 92 67 1
E 92 68 1
E 92 69 1
E 92 70 1
E 92 71 1
E 92 72 1
E 92 73 1
E 92 74 1
E 92 75 1
E 92 76 1
E 92 77 1
E 92 78 1
E 92 79 1
E 92 80 1
E 92 81 1
E 92 82 1
E 92 83 1
E 92 84 1
E 92 85 1
E 92 86 1
E 92 87 1
E 92 88 1
E 92 89 1
E 92 90 1
E 92 91 1
E 92 93 1
E 92 94 1
E 92 95 1
E 92 96 1
E 92 97 1
E 92 98 1
E 92 99 1
E 93 0 1
E 93 1 1
E 93 2 1
E 93 3 1
E 93 4 1
E 93 5 1
E 93 6 1
E 93 7 1
E 93 8 1
E 93 9 1
E 93 10 1
E 93 11 1
E 93 12 1
E 93 13 1
E 93 14 1
E 93 15 1
E 93 16 1
E 93 17 1
E 93 18 1
E 93 19 1
E 93 20 1
E 93 21 1
E 93 22 1
E 93 23 1
E 93 24 1
E 93 25 1
E 93 26 1
E 93 27 1
E 93 28 1
E 93 29 1
E 93 30 1
E 93 31 1
E 93 32 1
E 93 33 1
E 93 34 1
E 93 35 1
E 93 36 1
E 93 37 1
E 93 38 1
E 93 39 1
E 93 40 1
E 93 41 1
E 93 42 1
E 93 43 1
E 93 44 1
E 93 45 1
E 93 46 1
E 93 47 1
E 93 48 1
E 93 49 1
E 93 50 1
E 93 51 1
E 93 52 1
E 93 53 1
E 93 54 1
E 93 55 1
E 93 56 1
E 93 57 1
E 93 58 1
E 93 59 1
E 93 60 1
E 93 61 1
E 93 62 1
E 93 63 1
E 93 64 1
E 93 65 1
E 93 66 1
E 93 67 1
E 93 68 1
E 93 69 1
E 93 70 1
E 93 71 1
E 93 72 1
E 93 73 1
E 93 74 1
E 93 75 1
E 93 76 1
E 93 77 1
E 93 78 1
E 93 79 1
E 93 80 1
E 93 81 1
E 93 82 1
E 93 83 1
E 93 84 1
E 93 85 1
E 93 86 1
E 93 87 1
E 93 88 1
E 93 89 1
E 93 90 1
E 93 91 1
E 93 92 1
E 93 94 1
E 93 95 1
E 93 96 1
E 93 97 1
E 93 98 1
E 93 99 1
E 94 0 1
E 94 1 1
E 94 2 1
E 94 3 1
E 94 4 1
E 94 5 1
E 94 6 1
E 94 7 1
E 94 8 1
E 94 9 1
E 94 10 1
E 94 11 1
E 94 12 1
E 94 13 1
E 94 14 1
E 94 15 1
E 94 16 1
E 94 17 1
E 94 18 1
E 94 19 1
E 94 20 1
E 94 21 1
E 94 22 1
E 94 23 1
E 94 24 1
E 94 25 1
E 94 26 1
E 94 27 1
E 94 28 1
E 94 29 1
E 94 30 1
E 94 31 1
E 94 32 1
E 94 33 1
E 94 34 1
E 94 35 1
E 94 36 1
E 94 37 1
E 94 38 1
E 94 39 1
E 94 40 1
E 94 41 1
E 94 42 1
E 94 43 1
E 94 44 1
E 94 45 1
E 94 46 1
E 94 47 1
E 94 48 1
E 94 49 1
E 94 50 1
E 94 51 1
E 94 52 1
E 94 53 1
E 94 54 1
E 94 55 1
E 94 56 1
E 94 57 1
E 94 58 1
E 94 59 1
E 94 60 1
E 94 61 1
E 94 62 1
E 94 63 1
E 94 64 1
E 94 65 1
E 94 66 1
E 94 67 1
E 94 68 1
E 94 69 1
E 94 70 1
E 94 71 1
E 94 72 1
E 94 73 1
E 94 74 1
E 94 75 1
E 94 76 1
E 94 77 1
E 94 78 1
E 94 79 1
E 94 80 1
E 94 81 1
E 94 82 1
E 94 83 1
E 94 84 1
E 94 85 1
E 94 86 1
E 94 87 1
E 94 88 1
E 94 89 1
E 94 90 1
E 94 91 1
E 94 92 1
E 94 93 1
E 94 95 1
E 94 96 1
E 94 97 1
E 94 98 1
E 94 99 1
E 95 0 1
E 95 1 1
E 95 2 1
E 95 3 1
E 95 4 1
E 95 5 1
E 95 6 1
E 95 7 1
E 95 8 1
E 95 9 1
E 95 10 1
E 95 11 1
E 95 12 1
E 95 13 1
E 95 14 1
E 95 15 1
E 95 16 1
E 95 17 1
E 95 18 1
E 95 19 1
E 95 20 1
E 95 21 1
E 95 22 1
E 95 23 1
E 95 24 1
E 95 25 1
E 95 26 1
E 95 27 1
E 95 28 1
E 95 29 1
E 95 30 1
E 95 31 1
E 95 32 1
E 95 33 1
E 95 34 1
E 95 35 1
E 95 36 1
E 95 37 1
E 95 38 1
E 95 39 1
E 95 40 1
E 95 41 1
E 95 42 1
E 95 43 1
E 95 44 1
E 95 45 1
E 95 46 1
E 95 47 1
E 95 48 1
E 95 49 1
E 95 50 1
E 95 51 1
E 95 52 1
E 95 53 1
E 95 54 1
E 95 55 1
E 95 56 1
E 95 57 1
E 95 58 1
E 95 59 1
E 95 60 1
E 95 61 1
E 95 62 1
E 95 63 1
E 95 64 1
E 95 65 1
E 95 66 1
E 95 67 1
E 95 68 1
E 95 69 1
E 95 70 1
E 95 71 1
E 95 72 1
E 95 73 1
E 95 74 1
E 95 75 1
E 95 76 1
E 95 77 1
E 95 78 1
E 95 79 1
E 95 80 1
E 95 81 1
E 95 82 1
E 95 83 1
E 95 84 1
E 95 85 1
E 95 86 1
E 95 87 1
E 95 88 1
E 95 89 1
E 95 90 1
E 95 91 1
E 95 92 1
E 95 93 1
E 95 94 1
E 95 96 1
E 95 97 1
E 95 98 1
E 95 99 1
E 96 0 1
E 96 1 1
E 96 2 1
E 96 3 1
E 96 4 1
E 96 5 1
E 96 6 1
E 96 7 1
E 96 8 1
E 96 9 1
E 96 10 1
E 96 11 1
E 96 12 1
E 96 13 1
E 96 14 1
E 96 15 1
E 96 16 1
E 96 17 1
E 96 18 1
E 96 19 1
E 96 20 1
E 96 21 1
E 96 22 1
E 96 23 1
E 96 24 1
E 96 25 1
E 96 26 1
E 96 27 1
E 96 28 1
E 96 29 1
E 96 30 1
E 96 31 1
E 96 32 1
E 96 33 1
E 96 34 1
E 96 35 1
E 96 36 1
E 96 37 1
E 96 38 1
E 96 39 1
E 96 40 1
E 96 41 1
E 96 42 1
E 96 43 1
E 96 44 1
E 96 45 1
E 96 46 1
E 96 47 1
E 96 48 1
E 96 49 1
E 96 50 1
E 96 51 1
E 96 52 1
E 96 53 1
E 96 54 1
E 96 55 1
E 96 56 1
E 96 57 1
E 96 58 1
E 96 59 1
E 96 60 1
E 96 61 1
E 96 62 1
E 96 63 1
E 96 64 1
E 96 65 1
E 96 66 1
E 96 67 1
E 96 68 1
E 96 69 1
E 96 70 1
E 96 71 1
E 96 72 1
E 96 73 1
E 96 74 1
E 96 75 1
E 96 76 1
E 96 77 1
E 96 78 1
E 96 79 1
E 96 80 1
E 96 81 1
E 96 82 1
E 96 83 1
E 96 84 1
E 96 85 1
E 96 86 1
E 96 87 1
E 96 88 1
E 96 89 1
E 96 90 1
E 96 91 1
E 96 92 1
E 96 93 1
E 96 94 1
E 96 95 1
E 96 97 1
E 96 98 1
E 96 99 1
E 97 0 1
E 97 1 1
E 97 2 1
E 97 3 1
E 97 4 1
E 97 5 1
E 97 6 1
E 97 7 1
E 97 8 1
E 97 9 1
E 97 10 1
E 97 11 1
E 97 12 1
E 97 13 1
E 97 14 1
E 97 15 1
E 97 16 1
E 97 17 1
E 97 18 1
E 97 19 1
E 97 20 1
E 97 21 1
E 97 22 1
E 97 23 1
E 97 24 1
E 97 25 1
E 97 26 1
E 97 27 1
E 97 28 1
E 97 29 1
E 97 30 1
E 97 31 1
E 97 32 1
E 97 33 1
E 97 34 1
E 97 35 1
E 97 36 1
E 97 37 1
E 97 38 1
E 97 39 1
E 97 40 1
E 97 41 1
E 97 42 1
E 97 43 1
E 97 44 1
E 97 45 1
E 97 46 1
E 97 47 1
E 97 48 1
E 97 49 1
E 97 50 1
E 97 51 1
E 97 52 1
E 97 53 1
E 97 54 1
E 97 55 1
E 97 56 1
E 97 57 1
E 97 58 1
E 97 59 1
E 97 60 1
E 97 61 1
E 97 62 1
E 97 63 1
E 97 64 1
E 97 65 1
E 97 66 1
E 97 67 1
E 97 68 1
E 97 69 1
E 97 70 1
E 97 71 1
E 97 72 1
E 97 73 1
E 97 74 1
E 97 75 1
E 97 76 1
E 97 77 1
E 97 78 1
E 97 79 1
E 97 80 1
E 97 81 1
E 97 82 1
E 97 83 1
E 97 84 1
E 97 85 1
E 97 86 1
E 97 87 1
E 97 88 1
E 97 89 1
E 97 90 1
E 97 91 1
E 97 92 1
E 97 93 1
E 97 94 1
E 97 95 1
E 97 96 1
E 97 98 1
E 97 99 1
E 98 0 1
E 98 1 1
E 98 2 1
E 98 3 1
E 98 4 1
E 98 5 1
E 98 6 1
E 98 7 1
E 98 8 1
E 98 9 1
E 98 10 1
E 98 11 1
E 98 12 1
E 98 13 1
E 98 14 1
E 98 15 1
E 98 16 1
E 98 17 1
E 98 18 1
E 98 19 1
E 98 20 1
E 98 21 1
E 98 22 1
E 98 23 1
E 98 24 1
E 98 25 1
E 98 26 1
E 98 27 1
E 98 28 1
E 98 29 1
E 98 30 1
E 98 31 1
E 98 32 1
E 98 33 1
E 98 34 1
E 98 35 1
E 98 36 1
E 98 37 1
E 98 38 1
E 98 39 1
E 98 40 1
E 98 41 1
E 98 42 1
E 98 43 1
E 98 44 1
E 98 45 1
E 98 46 1
E 98 47 1
E 98 48 1
E 98 49 1
E 98 50 1
E 98 51 1
E 98 52 1
E 98 53 1
E 98 54 1
E 98 55 1
E 98 56 1
E 98 57 1
E 98 58 1
E 98 59 1
E 98 60 1
E 98 61 1
E 98 62 1
E 98 63 1
E 98 64 1
E 98 65 1
E 98 66 1
E 98 67 1
E 98 68 1
E 98 69 1
E 98 70 1
E 98 71 1
E 98 72 1
E 98 73 1
E 98 74 1
E 98 75 1
E 98 76 1
E 98 77 1
E 98 78 1
E 98 79 1
E 98 80 1
E 98 81 1
E 98 82 1
E 98 83 1
E 98 84 1
E 98 85 1
E 98 86 1
E 98 87 1
E 98 88 1
E 98 89 1
E 98 90 1
E 98 91 1
E 98 92 1
E 98 93 1
E 98 94 1
E 98 95 1
E 98 96 1
E 98 97 1
E 98 99 1
E 99 0 1
E 99 1 1
E 99 2 1
E 99 3 1
E 99 4 1
E 99 5 1
E 99 6 1
E 99 7 1
E 99 8 1
E 99 9 1
E 99 10 1
E 99 11 1
E 99 12 1
E 99 13 1
E 99 14 1
E 99 15 1
E 99 16 1
E 99 17 1
E 99 18 1
E 99 19 1
E 99 20 1
E 99 21 1
E 99 22 1
E 99 23 1
E 99 24 1
E 99 25 1
E 99 26 1
E 99 27 1
E 99 28 1
E 99 29 1
E 99 30 1
E 99 31 1
E 99 32 1
E 99 33 1
E 99 34 1
E 99 35 1
E 99 36 1
E 99 37 1
E 99 38 1
E 99 39 1
E 99 40 1
E 99 41 1
E 99 42 1
E 99 43 1
E 99 44 1
E 99 45 1
E 99 46 1
E 99 47 1
E 99 48 1
E 99 49 1
E 99 50 1
E 99 51 1
E 99 52 1
E 99 53 1
E 99 54 1
E 99 55 1
E 99 56 1
E 99 57 1
E 99 58 1
E 99 59 1
E 99 60 1
E 99 61 1
E 99 62 1
E 99 63 1
E 99 64 1
E 99 65 1
E 99 66 1
E 99 67 1
E 99 68 1
E 99 69 1
E 99 70 1
E 99 71 1
E 99 72 1
E 99 73 1
E 99 74 1
E 99 75 1
E 99 76 1
E 99 77 1
E 99 78 1
E 99 79 1
E 99 80 1
E 99 81 1
E 99 82 1
E 99 83 1
E 99 84 1
E 99 85 1
E 99 86 1
E 99 87 1
E 99 88 1
E 99 89 1
E 99 90 1
E 99 91 1
E 99 92 1
E 99 93 1
E 99 94 1
E 99 95 1
E 99 96 1
E 99 97 1
E 99 98 1
