H 100 99 0
E 0 63 1
E 0 97 1
E 3 6 1
E 3 4 1
E 3 52 1
E 4 40 1
E 5 33 1
E 5 8 1
E 8 90 1
E 9 82 1
E 10 91 1
E 10 29 1
E 11 36 1
E 11 41 1
E 11 13 1
E 12 72 1
E 12 48 1
E 13 23 1
E 13 43 1
E 14 2 1
E 15 88 1
E 17 22 1
E 19 69 1
E 20 64 1
E 20 46 1
E 21 68 1
E 24 73 1
E 25 55 1
E 26 45 1
E 27 42 1
E 27 19 1
E 28 18 1
E 28 53 1
E 29 49 1
E 29 84 1
E 29 12 1
E 31 16 1
E 33 76 1
E 34 85 1
E 35 14 1
E 35 62 1
E 35 67 1
E 35 58 1
E 37 70 1
E 37 10 1
E 43 54 1
E 43 71 1
E 44 75 1
E 45 74 1
E 45 47 1
E 46 79 1
E 46 98 1
E 47 20 1
E 48 11 1
E 48 15 1
E 48 35 1
E 53 61 1
E 54 39 1
E 54 66 1
E 57 28 1
E 58 83 1
E 58 81 1
E 64 50 1
E 68 86 1
E 68 93 1
E 69 32 1
E 69 60 1
E 70 92 1
E 71 3 1
E 73 95 1
E 75 38 1
E 75 57 1
E 77 51 1
E 77 44 1
E 77 9 1
E 79 80 1
E 80 94 1
E 81 1 1
E 81 77 1
E 81 21 1
E 82 87 1
E 83 56 1
E 84 5 1
E 85 26 1
E 86 30 1
E 87 89 1
E 89 59 1
E 89 65 1
E 89 34 1
E 90 24 1
E 91 25 1
E 93 78 1
E 93 99 1
E 94 7 1
E 94 17 1
E 94 31 1
E 97 27 1
E 97 37 1
E 98 96 1
