H 1000 999 0
E 0 1 1
E 1 2 1
E 2 3 1
E 3 4 1
E 4 5 1
E 5 6 1
E 6 7 1
E 7 8 1
E 8 9 1
E 9 10 1
E 10 11 1
E 11 12 1
E 12 13 1
E 13 14 1
E 14 15 1
E 15 16 1
E 16 17 1
E 17 18 1
E 18 19 1
E 19 20 1
E 20 21 1
E 21 22 1
E 22 23 1
E 23 24 1
E 24 25 1
E 25 26 1
E 26 27 1
E 27 28 1
E 28 29 1
E 29 30 1
E 30 31 1
E 31 32 1
E 32 33 1
E 33 34 1
E 34 35 1
E 35 36 1
E 36 37 1
E 37 38 1
E 38 39 1
E 39 40 1
E 40 41 1
E 41 42 1
E 42 43 1
E 43 44 1
E 44 45 1
E 45 46 1
E 46 47 1
E 47 48 1
E 48 49 1
E 49 50 1
E 50 51 1
E 51 52 1
E 52 53 1
E 53 54 1
E 54 55 1
E 55 56 1
E 56 57 1
E 57 58 1
E 58 59 1
E 59 60 1
E 60 61 1
E 61 62 1
E 62 63 1
E 63 64 1
E 64 65 1
E 65 66 1
E 66 67 1
E 67 68 1
E 68 69 1
E 69 70 1
E 70 71 1
E 71 72 1
E 72 73 1
E 73 74 1
E 74 75 1
E 75 76 1
E 76 77 1
E 77 78 1
E 78 79 1
E 79 80 1
E 80 81 1
E 81 82 1
E 82 83 1
E 83 84 1
E 84 85 1
E 85 86 1
E 86 87 1
E 87 88 1
E 88 89 1
E 89 90 1
E 90 91 1
E 91 92 1
E 92 93 1
E 93 94 1
E 94 95 1
E 95 96 1
E 96 97 1
E 97 98 1
E 98 99 1
E 99 100 1
E 100 101 1
E 101 102 1
E 102 103 1
E 103 104 1
E 104 105 1
E 105 106 1
E 106 107 1
E 107 108 1
E 108 109 1
E 109 110 1
E 110 111 1
E 111 112 1
E 112 113 1
E 113 114 1
E 114 115 1
E 115 116 1
E 116 117 1
E 117 118 1
E 118 119 1
E 119 120 1
E 120 121 1
E 121 122 1
E 122 123 1
E 123 124 1
E 124 125 1
E 125 126 1
E 126 127 1
E 127 128 1
E 128 129 1
E 129 130 1
E 130 131 1
E 131 132 1
E 132 133 1
E 133 134 1
E 134 135 1
E 135 136 1
E 136 137 1
E 137 138 1
E 138 139 1
E 139 140 1
E 140 141 1
E 141 142 1
E 142 143 1
E 143 144 1
E 144 145 1
E 145 146 1
E 146 147 1
E 147 148 1
E 148 149 1
E 149 150 1
E 150 151 1
E 151 152 1
E 152 153 1
E 153 154 1
E 154 155 1
E 155 156 1
E 156 157 1
E 157 158 1
E 158 159 1
E 159 160 1
E 160 161 1
E 161 162 1
E 162 163 1
E 163 164 1
E 164 165 1
E 165 166 1
E 166 167 1
E 167 168 1
E 168 169 1
E 169 170 1
E 170 171 1
E 171 172 1
E 172 173 1
E 173 174 1
E 174 175 1
E 175 176 1
E 176 177 1
E 177 178 1
E 178 179 1
E 179 180 1
E 180 181 1
E 181 182 1
E 182 183 1
E 183 184 1
E 184 185 1
E 185 186 1
E 186 187 1
E 187 188 1
E 188 189 1
E 189 190 1
E 190 191 1
E 191 192 1
E 192 193 1
E 193 194 1
E 194 195 1
E 195 196 1
E 196 197 1
E 197 198 1
E 198 199 1
E 199 200 1
E 200 201 1
E 201 202 1
E 202 203 1
E 203 204 1
E 204 205 1
E 205 206 1
E 206 207 1
E 207 208 1
E 208 209 1
E 209 210 1
E 210 211 1
E 211 212 1
E 212 213 1
E 213 214 1
E 214 215 1
E 215 216 1
E 216 217 1
E 217 218 1
E 218 219 1
E 219 220 1
E 220 221 1
E 221 222 1
E 222 223 1
E 223 224 1
E 224 225 1
E 225 226 1
E 226 227 1
E 227 228 1
E 228 229 1
E 229 230 1
E 230 231 1
E 231 232 1
E 232 233 1
E 233 234 1
E 234 235 1
E 235 236 1
E 236 237 1
E 237 238 1
E 238 239 1
E 239 240 1
E 240 241 1
E 241 242 1
E 242 243 1
E 243 244 1
E 244 245 1
E 245 246 1
E 246 247 1
E 247 248 1
E 248 249 1
E 249 250 1
E 250 251 1
E 251 252 1
E 252 253 1
E 253 254 1
E 254 255 1
E 255 256 1
E 256 257 1
E 257 258 1
E 258 259 1
E 259 260 1
E 260 261 1
E 261 262 1
E 262 263 1
E 263 264 1
E 264 265 1
E 265 266 1
E 266 267 1
E 267 268 1
E 268 269 1
E 269 270 1
E 270 271 1
E 271 272 1
E 272 273 1
E 273 274 1
E 274 275 1
E 275 276 1
E 276 277 1
E 277 278 1
E 278 279 1
E 279 280 1
E 280 281 1
E 281 282 1
E 282 283 1
E 283 284 1
E 284 285 1
E 285 286 1
E 286 287 1
E 287 288 1
E 288 289 1
E 289 290 1
E 290 291 1
E 291 292 1
E 292 293 1
E 293 294 1
E 294 295 1
E 295 296 1
E 296 297 1
E 297 298 1
E 298 299 1
E 299 300 1
E 300 301 1
E 301 302 1
E 302 303 1
E 303 304 1
E 304 305 1
E 305 306 1
E 306 307 1
E 307 308 1
E 308 309 1
E 309 310 1
E 310 311 1
E 311 312 1
E 312 313 1
E 313 314 1
E 314 315 1
E 315 316 1
E 316 317 1
E 317 318 1
E 318 319 1
E 319 320 1
E 320 321 1
E 321 322 1
E 322 323 1
E 323 324 1
E 324 325 1
E 325 326 1
E 326 327 1
E 327 328 1
E 328 329 1
E 329 330 1
E 330 331 1
E 331 332 1
E 332 333 1
E 333 334 1
E 334 335 1
E 335 336 1
E 336 337 1
E 337 338 1
E 338 339 1
E 339 340 1
E 340 341 1
E 341 342 1
E 342 343 1
E 343 344 1
E 344 345 1
E 345 346 1
E 346 347 1
E 347 348 1
E 348 349 1
E 349 350 1
E 350 351 1
E 351 352 1
E 352 353 1
E 353 354 1
E 354 355 1
E 355 356 1
E 356 357 1
E 357 358 1
E 358 359 1
E 359 360 1
E 360 361 1
E 361 362 1
E 362 363 1
E 363 364 1
E 364 365 1
E 365 366 1
E 366 367 1
E 367 368 1
E 368 369 1
E 369 370 1
E 370 371 1
E 371 372 1
E 372 373 1
E 373 374 1
E 374 375 1
E 375 376 1
E 376 377 1
E 377 378 1
E 378 379 1
E 379 380 1
E 380 381 1
E 381 382 1
E 382 383 1
E 383 384 1
E 384 385 1
E 385 386 1
E 386 387 1
E 387 388 1
E 388 389 1
E 389 390 1
E 390 391 1
E 391 392 1
E 392 393 1
E 393 394 1
E 394 395 1
E 395 396 1
E 396 397 1
E 397 398 1
E 398 399 1
E 399 400 1
E 400 401 1
E 401 402 1
E 402 403 1
E 403 404 1
E 404 405 1
E 405 406 1
E 406 407 1
E 407 408 1
E 408 409 1
E 409 410 1
E 410 411 1
E 411 412 1
E 412 413 1
E 413 414 1
E 414 415 1
E 415 416 1
E 416 417 1
E 417 418 1
E 418 419 1
E 419 420 1
E 420 421 1
E 421 422 1
E 422 423 1
E 423 424 1
E 424 425 1
E 425 426 1
E 426 427 1
E 427 428 1
E 428 429 1
E 429 430 1
E 430 431 1
E 431 432 1
E 432 433 1
E 433 434 1
E 434 435 1
E 435 436 1
E 436 437 1
E 437 438 1
E 438 439 1
E 439 440 1
E 440 441 1
E 441 442 1
E 442 443 1
E 443 444 1
E 444 445 1
E 445 446 1
E 446 447 1
E 447 448 1
E 448 449 1
E 449 450 1
E 450 451 1
E 451 452 1
E 452 453 1
E 453 454 1
E 454 455 1
E 455 456 1
E 456 457 1
E 457 458 1
E 458 459 1
E 459 460 1
E 460 461 1
E 461 462 1
E 462 463 1
E 463 464 1
E 464 465 1
E 465 466 1
E 466 467 1
E 467 468 1
E 468 469 1
E 469 470 1
E 470 471 1
E 471 472 1
E 472 473 1
E 473 474 1
E 474 475 1
E 475 476 1
E 476 477 1
E 477 478 1
E 478 479 1
E 479 480 1
E 480 481 1
E 481 482 1
E 482 483 1
E 483 484 1
E 484 485 1
E 485 486 1
E 486 487 1
E 487 488 1
E 488 489 1
E 489 490 1
E 490 491 1
E 491 492 1
E 492 493 1
E 493 494 1
E 494 495 1
E 495 496 1
E 496 497 1
E 497 498 1
E 498 499 1
E 499 500 1
E 500 501 1
E 501 502 1
E 502 503 1
E 503 504 1
E 504 505 1
E 505 506 1
E 506 507 1
E 507 508 1
E 508 509 1
E 509 510 1
E 510 511 1
E 511 512 1
E 512 513 1
E 513 514 1
E 514 515 1
E 515 516 1
E 516 517 1
E 517 518 1
E 518 519 1
E 519 520 1
E 520 521 1
E 521 522 1
E 522 523 1
E 523 524 1
E 524 525 1
E 525 526 1
E 526 527 1
E 527 528 1
E 528 529 1
E 529 530 1
E 530 531 1
E 531 532 1
E 532 533 1
E 533 534 1
E 534 535 1
E 535 536 1
E 536 537 1
E 537 538 1
E 538 539 1
E 539 540 1
E 540 541 1
E 541 542 1
E 542 543 1
E 543 544 1
E 544 545 1
E 545 546 1
E 546 547 1
E 547 548 1
E 548 549 1
E 549 550 1
E 550 551 1
E 551 552 1
E 552 553 1
E 553 554 1
E 554 555 1
E 555 556 1
E 556 557 1
E 557 558 1
E 558 559 1
E 559 560 1
E 560 561 1
E 561 562 1
E 562 563 1
E 563 564 1
E 564 565 1
E 565 566 1
E 566 567 1
E 567 568 1
E 568 569 1
E 569 570 1
E 570 571 1
E 571 572 1
E 572 573 1
E 573 574 1
E 574 575 1
E 575 576 1
E 576 577 1
E 577 578 1
E 578 579 1
E 579 580 1
E 580 581 1
E 581 582 1
E 582 583 1
E 583 584 1
E 584 585 1
E 585 586 1
E 586 587 1
E 587 588 1
E 588 589 1
E 589 590 1
E 590 591 1
E 591 592 1
E 592 593 1
E 593 594 1
E 594 595 1
E 595 596 1
E 596 597 1
E 597 598 1
E 598 599 1
E 599 600 1
E 600 601 1
E 601 602 1
E 602 603 1
E 603 604 1
E 604 605 1
E 605 606 1
E 606 607 1
E 607 608 1
E 608 609 1
E 609 610 1
E 610 611 1
E 611 612 1
E 612 613 1
E 613 614 1
E 614 615 1
E 615 616 1
E 616 617 1
E 617 618 1
E 618 619 1
E 619 620 1
E 620 621 1
E 621 622 1
E 622 623 1
E 623 624 1
E 624 625 1
E 625 626 1
E 626 627 1
E 627 628 1
E 628 629 1
E 629 630 1
E 630 631 1
E 631 632 1
E 632 633 1
E 633 634 1
E 634 635 1
E 635 636 1
E 636 637 1
E 637 638 1
E 638 639 1
E 639 640 1
E 640 641 1
E 641 642 1
E 642 643 1
E 643 644 1
E 644 645 1
E 645 646 1
E 646 647 1
E 647 648 1
E 648 649 1
E 649 650 1
E 650 651 1
E 651 652 1
E 652 653 1
E 653 654 1
E 654 655 1
E 655 656 1
E 656 657 1
E 657 658 1
E 658 659 1
E 659 660 1
E 660 661 1
E 661 662 1
E 662 663 1
E 663 664 1
E 664 665 1
E 665 666 1
E 666 667 1
E 667 668 1
E 668 669 1
E 669 670 1
E 670 671 1
E 671 672 1
E 672 673 1
E 673 674 1
E 674 675 1
E 675 676 1
E 676 677 1
E 677 678 1
E 678 679 1
E 679 680 1
E 680 681 1
E 681 682 1
E 682 683 1
E 683 684 1
E 684 685 1
E 685 686 1
E 686 687 1
E 687 688 1
E 688 689 1
E 689 690 1
E 690 691 1
E 691 692 1
E 692 693 1
E 693 694 1
E 694 695 1
E 695 696 1
E 696 697 1
E 697 698 1
E 698 699 1
E 699 700 1
E 700 701 1
E 701 702 1
E 702 703 1
E 703 704 1
E 704 705 1
E 705 706 1
E 706 707 1
E 707 708 1
E 708 709 1
E 709 710 1
E 710 711 1
E 711 712 1
E 712 713 1
E 713 714 1
E 714 715 1
E 715 716 1
E 716 717 1
E 717 718 1
E 718 719 1
E 719 720 1
E 720 721 1
E 721 722 1
E 722 723 1
E 723 724 1
E 724 725 1
E 725 726 1
E 726 727 1
E 727 728 1
E 728 729 1
E 729 730 1
E 730 731 1
E 731 732 1
E 732 733 1
E 733 734 1
E 734 735 1
E 735 736 1
E 736 737 1
E 737 738 1
E 738 739 1
E 739 740 1
E 740 741 1
E 741 742 1
E 742 743 1
E 743 744 1
E 744 745 1
E 745 746 1
E 746 747 1
E 747 748 1
E 748 749 1
E 749 750 1
E 750 751 1
E 751 752 1
E 752 753 1
E 753 754 1
E 754 755 1
E 755 756 1
E 756 757 1
E 757 758 1
E 758 759 1
E 759 760 1
E 760 761 1
E 761 762 1
E 762 763 1
E 763 764 1
E 764 765 1
E 765 766 1
E 766 767 1
E 767 768 1
E 768 769 1
E 769 770 1
E 770 771 1
E 771 772 1
E 772 773 1
E 773 774 1
E 774 775 1
E 775 776 1
E 776 777 1
E 777 778 1
E 778 779 1
E 779 780 1
E 780 781 1
E 781 782 1
E 782 783 1
E 783 784 1
E 784 785 1
E 785 786 1
E 786 787 1
E 787 788 1
E 788 789 1
E 789 790 1
E 790 791 1
E 791 792 1
E 792 793 1
E 793 794 1
E 794 795 1
E 795 796 1
E 796 797 1
E 797 798 1
E 798 799 1
E 799 800 1
E 800 801 1
E 801 802 1
E 802 803 1
E 803 804 1
E 804 805 1
E 805 806 1
E 806 807 1
E 807 808 1
E 808 809 1
E 809 810 1
E 810 811 1
E 811 812 1
E 812 813 1
E 813 814 1
E 814 815 1
E 815 816 1
E 816 817 1
E 817 818 1
E 818 819 1
E 819 820 1
E 820 821 1
E 821 822 1
E 822 823 1
E 823 824 1
E 824 825 1
E 825 826 1
E 826 827 1
E 827 828 1
E 828 829 1
E 829 830 1
E 830 831 1
E 831 832 1
E 832 833 1
E 833 834 1
E 834 835 1
E 835 836 1
E 836 837 1
E 837 838 1
E 838 839 1
E 839 840 1
E 840 841 1
E 841 842 1
E 842 843 1
E 843 844 1
E 844 845 1
E 845 846 1
E 846 847 1
E 847 848 1
E 848 849 1
E 849 850 1
E 850 851 1
E 851 852 1
E 852 853 1
E 853 854 1
E 854 855 1
E 855 856 1
E 856 857 1
E 857 858 1
E 858 859 1
E 859 860 1
E 860 861 1
E 861 862 1
E 862 863 1
E 863 864 1
E 864 865 1
E 865 866 1
E 866 867 1
E 867 868 1
E 868 869 1
E 869 870 1
E 870 871 1
E 871 872 1
E 872 873 1
E 873 874 1
E 874 875 1
E 875 876 1
E 876 877 1
E 877 878 1
E 878 879 1
E 879 880 1
E 880 881 1
E 881 882 1
E 882 883 1
E 883 884 1
E 884 885 1
E 885 886 1
E 886 887 1
E 887 888 1
E 888 889 1
E 889 890 1
E 890 891 1
E 891 892 1
E 892 893 1
E 893 894 1
E 894 895 1
E 895 896 1
E 896 897 1
E 897 898 1
E 898 899 1
E 899 900 1
E 900 901 1
E 901 902 1
E 902 903 1
E 903 904 1
E 904 905 1
E 905 906 1
E 906 907 1
E 907 908 1
E 908 909 1
E 909 910 1
E 910 911 1
E 911 912 1
E 912 913 1
E 913 914 1
E 914 915 1
E 915 916 1
E 916 917 1
E 917 918 1
E 918 919 1
E 919 920 1
E 920 921 1
E 921 922 1
E 922 923 1
E 923 924 1
E 924 925 1
E 925 926 1
E 926 927 1
E 927 928 1
E 928 929 1
E 929 930 1
E 930 931 1
E 931 932 1
E 932 933 1
E 933 934 1
E 934 935 1
E 935 936 1
E 936 937 1
E 937 938 1
E 938 939 1
E 939 940 1
E 940 941 1
E 941 942 1
E 942 943 1
E 943 944 1
E 944 945 1
E 945 946 1
E 946 947 1
E 947 948 1
E 948 949 1
E 949 950 1
E 950 951 1
E 951 952 1
E 952 953 1
E 953 954 1
E 954 955 1
E 955 956 1
E 956 957 1
E 957 958 1
E 958 959 1
E 959 960 1
E 960 961 1
E 961 962 1
E 962 963 1
E 963 964 1
E 964 965 1
E 965 966 1
E 966 967 1
E 967 968 1
E 968 969 1
E 969 970 1
E 970 971 1
E 971 972 1
E 972 973 1
E 973 974 1
E 974 975 1
E 975 976 1
E 976 977 1
E 977 978 1
E 978 979 1
E 979 980 1
E 980 981 1
E 981 982 1
E 982 983 1
E 983 984 1
E 984 985 1
E 985 986 1
E 986 987 1
E 987 988 1
E 988 989 1
E 989 990 1
E 990 991 1
E 991 992 1
E 992 993 1
E 993 994 1
E 994 995 1
E 995 996 1
E 996 997 1
E 997 998 1
E 998 999 1
