H 100 99 0
E 0 1 1
E 1 2 1
E 2 3 1
E 3 4 1
E 4 5 1
E 5 6 1
E 6 7 1
E 7 8 1
E 8 9 1
E 9 10 1
E 10 11 1
E 11 12 1
E 12 13 1
E 13 14 1
E 14 15 1
E 15 16 1
E 16 17 1
E 17 18 1
E 18 19 1
E 19 20 1
E 20 21 1
E 21 22 1
E 22 23 1
E 23 24 1
E 24 25 1
E 25 26 1
E 26 27 1
E 27 28 1
E 28 29 1
E 29 30 1
E 30 31 1
E 31 32 1
E 32 33 1
E 33 34 1
E 34 35 1
E 35 36 1
E 36 37 1
E 37 38 1
E 38 39 1
E 39 40 1
E 40 41 1
E 41 42 1
E 42 43 1
E 43 44 1
E 44 45 1
E 45 46 1
E 46 47 1
E 47 48 1
E 48 49 1
E 49 50 1
E 50 51 1
E 51 52 1
E 52 53 1
E 53 54 1
E 54 55 1
E 55 56 1
E 56 57 1
E 57 58 1
E 58 59 1
E 59 60 1
E 60 61 1
E 61 62 1
E 62 63 1
E 63 64 1
E 64 65 1
E 65 66 1
E 66 67 1
E 67 68 1
E 68 69 1
E 69 70 1
E 70 71 1
E 71 72 1
E 72 73 1
E 73 74 1
E 74 75 1
E 75 76 1
E 76 77 1
E 77 78 1
E 78 79 1
E 79 80 1
E 80 81 1
E 81 82 1
E 82 83 1
E 83 84 1
E 84 85 1
E 85 86 1
E 86 87 1
E 87 88 1
E 88 89 1
E 89 90 1
E 90 91 1
E 91 92 1
E 92 93 1
E 93 94 1
E 94 95 1
E 95 96 1
E 96 97 1
E 97 98 1
E 98 99 1
